-6.120176142688715792e+00 8.952195230784596332e-10
-6.015512015461861317e+00 8.952195230784595919e-09
-5.910847888235005954e+00 8.952195230784595588e-08
-5.806183761008150590e+00 8.952195230784596117e-07
-5.701519633781296115e+00 8.952195230784595905e-06
-5.596855506554440751e+00 8.952195230784595567e-05
-5.042332603803043156e+00 8.375165938895509903e-04
-4.845817551394715039e+00 2.449462529886947161e-03
-4.720685837095359716e+00 7.230166955880482083e-03
-4.614854191464386801e+00 1.051021496188088433e-02
-4.520809812388591808e+00 1.327683609428042394e-02
-4.437562284703153281e+00 2.057683578925060749e-02
-4.362173141401425092e+00 2.558197976264482698e-02
-4.292182739796409408e+00 2.724924099950020578e-02
-4.225195819271714726e+00 2.633527453052468201e-02
-4.160113610841990273e+00 2.451306339641062468e-02
-4.098477070836997527e+00 3.131890318971183168e-02
-4.040266116361766358e+00 3.137045163128578118e-02
-3.983994013136552326e+00 3.150867989867556923e-02
-3.929470927716425699e+00 3.068027317992863892e-02
-3.876517050752136484e+00 3.175074585457585141e-02
-3.824809698280667192e+00 3.052140190947205331e-02
-3.774203078200256023e+00 3.055840842841558297e-02
-3.724908766593434173e+00 3.143360580345990613e-02
-3.676546379397309661e+00 3.055513177270496178e-02
-3.629055730621595366e+00 3.085127850485500089e-02
-3.582738958489455783e+00 3.171257245248314260e-02
-3.537589417742756481e+00 3.153672611122686209e-02
-3.493226659329729422e+00 3.089993347558825029e-02
-3.449395387625096454e+00 2.975410482577032015e-02
-3.406375972038057309e+00 3.007882839782733894e-02
-3.364017713917347940e+00 2.813731892273520913e-02
-3.322093963556057794e+00 2.780779603708850509e-02
-3.280861983082565825e+00 2.810276286948034871e-02
-3.240419787290738984e+00 2.783735352212915806e-02
-3.200621274175688313e+00 2.872071370814276159e-02
-3.161248319756146508e+00 2.589306596650319328e-02
-3.122222280489138413e+00 2.559860552096713746e-02
-3.083582343374597912e+00 2.467817744088949064e-02
-3.045413861455919857e+00 2.474119113070345766e-02
-3.007720420959190122e+00 2.340934291681634472e-02
-2.970539730569137227e+00 2.431406842857923578e-02
-2.933875948449049531e+00 2.298941527532060922e-02
-2.897594114135280563e+00 2.325932185723781492e-02
-2.861876917090154571e+00 2.339178597024715867e-02
-2.826566695890354364e+00 2.199088220209577740e-02
-2.791572092085224277e+00 2.201625367473575290e-02
-2.756998665281874317e+00 2.151681382101474846e-02
-2.722870818692267214e+00 2.133108842378466860e-02
-2.689116691187788177e+00 2.066099795400470202e-02
-2.655731653103725165e+00 2.090280954972108599e-02
-2.622848269910102559e+00 2.075455922404619707e-02
-2.590375402874188104e+00 2.045434754323116958e-02
-2.558165341952510552e+00 1.988925222684859162e-02
-2.526252711624075609e+00 1.979571450925446743e-02
-2.494789671906061823e+00 1.999133013073452550e-02
-2.463761061066715996e+00 1.961996898943475093e-02
-2.432925562228346550e+00 1.876420149307839874e-02
-2.402293211470478695e+00 1.895317003809024112e-02
-2.371977846783870802e+00 1.887955920230343504e-02
-2.341998733850925163e+00 1.862430316004054856e-02
-2.312340145869898667e+00 1.839625680588298159e-02
-2.282982894903236915e+00 1.798648437305240544e-02
-2.253947824236284703e+00 1.792879690497679174e-02
-2.225116542791097274e+00 1.751151023911860435e-02
-2.196474569476574601e+00 1.754459049302269091e-02
-2.168205461666381506e+00 1.746796814959841390e-02
-2.140302204700575750e+00 1.760718398898607553e-02
-2.112591286045416794e+00 1.691261005806318773e-02
-2.085068876767296686e+00 1.688588000030992117e-02
-2.057824814119218360e+00 1.682757316175783821e-02
-2.030873221039067644e+00 1.671657104686160092e-02
-2.004089269291224440e+00 1.624484397001451502e-02
-1.977451350340104108e+00 1.593232590746686272e-02
-1.951107712834359020e+00 1.633050279870182017e-02
-1.924971045881602949e+00 1.560686137031301428e-02
-1.899034304521181049e+00 1.598554458306646053e-02
-1.873381737056833529e+00 1.564760939315503960e-02
-1.847941219191993945e+00 1.558756918350999443e-02
-1.822713437665375968e+00 1.534770130359155819e-02
-1.797675315838037413e+00 1.507411523034605551e-02
-1.772816241279840499e+00 1.492724270048014466e-02
-1.748197754059091391e+00 1.504778263907918627e-02
-1.723793577204074001e+00 1.490006691481268741e-02
-1.699594817302994221e+00 1.489230634428765146e-02
-1.675589000389570593e+00 1.447634521333378103e-02
-1.651720528432563118e+00 1.424018667540280676e-02
-1.628032949619212966e+00 1.422794873722117541e-02
-1.604543421786906343e+00 1.418247541517149435e-02
-1.581232450330755990e+00 1.405153233100839803e-02
-1.558112266233999232e+00 1.399227010495581250e-02
-1.535123333837376425e+00 1.359258721919739087e-02
-1.512327504851279647e+00 1.374056966887253137e-02
-1.489749351375496911e+00 1.374519902357031892e-02
-1.467326302849746966e+00 1.358772943071732964e-02
-1.445049592016197870e+00 1.337212105223449000e-02
-1.422890411055996784e+00 1.321481818438001617e-02
-1.400842740491040850e+00 1.290006340701158397e-02
-1.378960539498742310e+00 1.306157687231432156e-02
-1.357255795682593913e+00 1.281595174819434926e-02
-1.335703267290897500e+00 1.290856889011325268e-02
-1.314326615621726146e+00 1.281207611253338922e-02
-1.293093028861905136e+00 1.267170214520375870e-02
-1.271982075889558361e+00 1.254322030038940682e-02
-1.250986025522686340e+00 1.241034761264885392e-02
-1.230130027175346363e+00 1.249083946069142609e-02
-1.209435332686101816e+00 1.237481889653977742e-02
-1.188881176412350804e+00 1.233964981788380523e-02
-1.168453971282408244e+00 1.228139542215076450e-02
-1.148136902286820415e+00 1.207448174334485591e-02
-1.127946148765301082e+00 1.208947123192307543e-02
-1.107886769828746232e+00 1.187086140345134169e-02
-1.087972187069782493e+00 1.195466178231162184e-02
-1.068154824964278271e+00 1.171696608720185044e-02
-1.048425329375816784e+00 1.161442413399534947e-02
-1.028853137363760384e+00 1.175369090111891800e-02
-1.009420053097168202e+00 1.163539276740268961e-02
-9.900873689862801363e-01 1.148688031481736281e-02
-9.708614634884210615e-01 1.154277830576365231e-02
-9.517440773032400658e-01 1.132861076954045330e-02
-9.327086148297030199e-01 1.116780406384558846e-02
-9.137504088313593842e-01 1.111047501799744541e-02
-8.948949079832700937e-01 1.113127261229480448e-02
-8.761685862112109646e-01 1.110733218473253410e-02
-8.575486482692454837e-01 1.099906747276470712e-02
-8.390142286407826777e-01 1.089020842512418430e-02
-8.205742200948480392e-01 1.076108856113910939e-02
-8.022243816630530988e-01 1.068055901729945793e-02
-7.839512023728785195e-01 1.059946380750152739e-02
-7.657730985224254772e-01 1.050827027554866906e-02
-7.477068378900790790e-01 1.053111278505803987e-02
-7.297100577517194875e-01 1.031976421481078064e-02
-7.117824855124972316e-01 1.028664869831346328e-02
-6.939439186706269913e-01 1.018321549456896631e-02
-6.761749580601664755e-01 1.004205309480681735e-02
-6.584798258571569196e-01 1.000956576893792874e-02
-6.408673793529058305e-01 9.911385860346814611e-03
-6.233337021970581926e-01 9.874779626404889959e-03
-6.058718393996865847e-01 9.765586245249762917e-03
-5.884887254669652901e-01 9.668172493693215699e-03
-5.711789346201994189e-01 9.650413802694855075e-03
-5.539172135993902790e-01 9.480842546017841793e-03
-5.367184886790352660e-01 9.449005863680481204e-03
-5.195961066455572208e-01 9.335208995663439938e-03
-5.025109561449162543e-01 9.079736903248898996e-03
-4.854665192970948895e-01 9.041596241148438726e-03
-4.684954832486776244e-01 9.030162610450333943e-03
-4.515853038420115650e-01 8.894074654657590367e-03
-4.347333963570579884e-01 8.910544174384476754e-03
-4.179284399508932379e-01 8.634880311152268173e-03
-4.011828830952873237e-01 8.683781977902028243e-03
-3.845141997272910062e-01 8.582558023348917098e-03
-3.678850392551885062e-01 8.480228434795367490e-03
-3.512981362447963329e-01 8.348560281007760125e-03
-3.347692929363992875e-01 8.325892832526880435e-03
-3.182994294978748195e-01 8.241274244013283359e-03
-3.018673358921645788e-01 8.177677831585692184e-03
-2.854706164426185633e-01 8.050737584486926390e-03
-2.691135116653662340e-01 7.890892242548625327e-03
-2.527932936068001402e-01 7.863547046992953177e-03
-2.365153832046843763e-01 7.739403361162965587e-03
-2.202806060578583192e-01 7.689884564971717108e-03
-2.041039459205367668e-01 7.625576166803212097e-03
-1.879616665498823613e-01 7.433702362829989509e-03
-1.718592732254446420e-01 7.458614956491756154e-03
-1.558071087438711588e-01 7.322457281061980211e-03
-1.397700153308881199e-01 7.217376522941782065e-03
-1.237543369643407665e-01 7.113379366265635412e-03
-1.077730627321845103e-01 7.037749069129967637e-03
-9.181632770238121188e-02 6.908548865897983123e-03
-7.586867586654945372e-02 6.787744197899301182e-03
-5.996052489830884513e-02 6.785780845300574265e-03
-4.407791560993725571e-02 6.608184185763598534e-03
-2.819537549177175695e-02 6.485720008247456043e-03
-1.236316087348495775e-02 6.479304039907729865e-03
3.441499810569226530e-03 6.347285830612801015e-03
1.922947285382549387e-02 6.286549426034459230e-03
3.497322829400392741e-02 6.235131277351630905e-03
5.069533327629384412e-02 6.108481974351521147e-03
6.641759170137119528e-02 5.980245412046075563e-03
8.213039277354126921e-02 5.924256649865982348e-03
9.782316585709383006e-02 5.812347427287316466e-03
1.134927597119418374e-01 5.764519045365307064e-03
1.291518431392911226e-01 5.635779388395894055e-03
1.448193273034747153e-01 5.511042438856336538e-03
1.604896010588968136e-01 5.419420235453732346e-03
1.761286309899154356e-01 5.382740835617126282e-03
1.917362069539344516e-01 5.286980486385776425e-03
2.073458052672554341e-01 5.185854545138497002e-03
2.229524024737408738e-01 5.100619587716452574e-03
2.385593021185592466e-01 4.991121943801534594e-03
2.541660876933348190e-01 4.910062143243341427e-03
2.697716923223058560e-01 4.830893504099428165e-03
2.853836729604649625e-01 4.721572710997337663e-03
3.010021191094506277e-01 4.623395430835222294e-03
3.166145489705415317e-01 4.548112852356492666e-03
3.321925691143380877e-01 4.530278045785531178e-03
3.477698592184932935e-01 4.385716852954389851e-03
3.633606879089174013e-01 4.336418781648082067e-03
3.789479969490820999e-01 4.245852597205234530e-03
3.945390586306773417e-01 4.166611263182596128e-03
4.101357108525552908e-01 4.085273278849742284e-03
4.257499689272895571e-01 3.962119806458416597e-03
4.413831257754640136e-01 3.890722543841135857e-03
4.570092549269871851e-01 3.857329098382306261e-03
4.726290243504688293e-01 3.760658523476086319e-03
4.882749903790537527e-01 3.669653088766628313e-03
5.039485381545464326e-01 3.581456614844469397e-03
5.196285248031795589e-01 3.506479578666187296e-03
5.353030529581747077e-01 3.452761281243272098e-03
5.509948840158037653e-01 3.357248699354065287e-03
5.667151435313202423e-01 3.270617291231681968e-03
5.824407063477620161e-01 3.224484942728382455e-03
5.981777069047458095e-01 3.147195326755033388e-03
6.139469950839478996e-01 3.058381068653254729e-03
6.297473382886589199e-01 2.989058207108500221e-03
6.455717225211581312e-01 2.922996564886199636e-03
6.614183474692747478e-01 2.849878459381263197e-03
6.772818087869705295e-01 2.798613891262503178e-03
6.931763254430352017e-01 2.705961941255223286e-03
7.091058660338445119e-01 2.653071407637395528e-03
7.250339033818113954e-01 2.601392372862731690e-03
7.410038577383537550e-01 2.499998795122306341e-03
7.570468613589886875e-01 2.426517875737896259e-03
7.731416612838856173e-01 2.372549685970198018e-03
7.892846386327414532e-01 2.286468351541626372e-03
8.054631047817142342e-01 2.225609365205750978e-03
8.216771327357377253e-01 2.171505915628195883e-03
8.379265627665788418e-01 2.111392205313274758e-03
8.542299396311290316e-01 2.033764822971919749e-03
8.705966815903978251e-01 1.966210761568778879e-03
8.870156143631656720e-01 1.915488548768182935e-03
9.034863113260527268e-01 1.855479326844903512e-03
9.200270212407227755e-01 1.776252640490381517e-03
9.366576144875691234e-01 1.716836745107825713e-03
9.533384747184776575e-01 1.676863013185496973e-03
9.700802368601646464e-01 1.599585334188824773e-03
9.869252757183104574e-01 1.537286464077898410e-03
1.003871861114046471e+00 1.467374279727034093e-03
1.020900658349281231e+00 1.428259525331016617e-03
1.038000934751767357e+00 1.372364497369684116e-03
1.055203904768998058e+00 1.305558129932630259e-03
1.072518426793338309e+00 1.258661114959605098e-03
1.089925647739015790e+00 1.213280579561093302e-03
1.107442277945716036e+00 1.150778159698761681e-03
1.125077762083883659e+00 1.106199514211347098e-03
1.142811231195170585e+00 1.063860834340612680e-03
1.160647214130623883e+00 1.015081425472519339e-03
1.178635110945940312e+00 9.585757930468931593e-04
1.196772510298944159e+00 9.224095899245868388e-04
1.215028646776083576e+00 8.763020630220533149e-04
1.233440496178728196e+00 8.306985714141171349e-04
1.252033471439908840e+00 7.846908395271603521e-04
1.270787762249766528e+00 7.499864481440120375e-04
1.289700283488397714e+00 7.050790503914815179e-04
1.308805130687510143e+00 6.665842134068008162e-04
1.328109914067787223e+00 6.298364475307429789e-04
1.347613660605475161e+00 5.923774462020862898e-04
1.367300293136658018e+00 5.652539670330983907e-04
1.387181301397945266e+00 5.341513923781342861e-04
1.407306333772048390e+00 4.985428443449562959e-04
1.427681852101328808e+00 4.691534485727438222e-04
1.448269324685372617e+00 4.453313551010863757e-04
1.469076774178039280e+00 4.557426565012709634e-04
1.490188143240508856e+00 3.843469943996031158e-04
1.511602128937428624e+00 3.638647010170238194e-04
1.533278219675345833e+00 3.420089797791059198e-04
1.555270826939843865e+00 3.154305974901862406e-04
1.577629035227183341e+00 2.937192831445663982e-04
1.600348618510561982e+00 2.729583431750386363e-04
1.623447806213707212e+00 2.512653288318205790e-04
1.646970009253327039e+00 2.323660224621410517e-04
1.670971958187542850e+00 2.116887940458598769e-04
1.695498296629375234e+00 1.919908582443056577e-04
1.720528193395720828e+00 1.781014754161009989e-04
1.746101700420236824e+00 1.605509691201828385e-04
1.772309654892575193e+00 1.433747694188210143e-04
1.799211204766128169e+00 1.285127080784954196e-04
1.826883707259771006e+00 1.137413545988328077e-04
1.855293361245246242e+00 1.034692925384294833e-04
1.884603544803703734e+00 9.106874861984924673e-05
1.914983491392844517e+00 7.695195094086198628e-05
1.946490370424363903e+00 6.614592560694972686e-05
1.979124790146592705e+00 5.789699095436850573e-05
2.012885471238136770e+00 4.972720461515501298e-05
2.048109768903263017e+00 4.164968205503080168e-05
2.085071830356006295e+00 3.404775094782754312e-05
2.123804548945141590e+00 2.863291630979561433e-05
2.164350612894735626e+00 2.387844900738000730e-05
2.207319277625757081e+00 2.586488397088556319e-05
2.252878134536142163e+00 1.467234731626623115e-05
2.301095680238120167e+00 1.140779966738610898e-05
2.352192827104438777e+00 9.663925315504584679e-06
2.407024797407002925e+00 1.040229270774275327e-05
2.466493963536098732e+00 5.514737123683320107e-06
2.530843739455985730e+00 4.280695554947761379e-06
2.600864012250448276e+00 3.223592248790079065e-06
2.678375613045724801e+00 1.717436933297861568e-06
2.765759875282955527e+00 1.126384556883783181e-06
2.865988185242493991e+00 2.538354150247443346e-06
2.986081421689462445e+00 1.883392142372659259e-06
3.137771695834184804e+00 7.686438579432820369e-06
3.356997106641100181e+00 1.420107858664350586e-07
3.642807706691980840e+00 4.285435576478319469e-06
4.118476067021882514e+00 8.407578971041545731e-07
4.223140194248737878e+00 8.407578971041545996e-08
4.327804321475592353e+00 8.407578971041546326e-09
4.432468448702447716e+00 8.407578971041545706e-10
4.537132575929303080e+00 8.407578971041546223e-11
4.641796703156157555e+00 8.407578971041547192e-12
