-2.601182563319071051e+01 3.210723893217346517e-07
-2.454177027123760979e+01 3.097615185752455283e-07
-2.344693254083863820e+01 6.790151728904157093e-07
-2.299170993875628000e+01 2.621563548671826654e-06
-2.282388497420944873e+01 1.032851187888832790e-05
-2.272979327972397101e+01 1.285986968449479434e-05
-2.264999898869064054e+01 2.330091668597623536e-05
-2.258335299745517233e+01 2.917032472182883978e-05
-2.252153963340411735e+01 3.507967528402917550e-05
-2.246564153694636445e+01 5.302849160996827058e-05
-2.241517725059251731e+01 6.036961609726386761e-05
-2.236943871642154136e+01 9.252427145788538277e-05
-2.232854368368060705e+01 1.140324906863610723e-04
-2.228886656976677827e+01 1.099775743496717527e-04
-2.225056879653466169e+01 1.360559859412213495e-04
-2.221504079613276872e+01 1.673644034749001972e-04
-2.218113348933776052e+01 1.806430627127145227e-04
-2.214813828917983329e+01 1.971049161060251344e-04
-2.211647835083610047e+01 2.230242670328039885e-04
-2.208639943198122069e+01 2.677685663793148555e-04
-2.205758220919155832e+01 2.885977397228382964e-04
-2.202966987079627614e+01 3.131030892862824832e-04
-2.200264529236339328e+01 3.504435499999843367e-04
-2.197648181069496331e+01 3.763961350386051683e-04
-2.195110800482196112e+01 4.147941067571830768e-04
-2.192651462072760182e+01 4.489101888696357071e-04
-2.190263323274006524e+01 4.959345140442157889e-04
-2.187928229728239060e+01 5.095211637512628506e-04
-2.185633858498435700e+01 5.483167370507625177e-04
-2.183384697619560200e+01 5.707558182566017371e-04
-2.181186810255288933e+01 6.163141207769357293e-04
-2.179027281571337227e+01 6.437547162418524654e-04
-2.176922622560135068e+01 7.100920080369930044e-04
-2.174869207098657853e+01 7.380891494632957307e-04
-2.172861053082329263e+01 8.096957373998146367e-04
-2.170894650646267365e+01 8.212809787634947015e-04
-2.168946644296100246e+01 8.631687219581235873e-04
-2.167046222465836536e+01 9.495374473853263487e-04
-2.165156778685819816e+01 8.870220182239698650e-04
-2.163276004402509045e+01 9.742313666058509186e-04
-2.161424815831455248e+01 9.660456907227039794e-04
-2.159580422653451848e+01 1.007035139818788149e-03
-2.157778785734134530e+01 1.110467567974319234e-03
-2.156012687323796229e+01 1.118828801981076914e-03
-2.154266510504708521e+01 1.188249953681176944e-03
-2.152561914512639163e+01 1.276856752375712120e-03
-2.150880349436483030e+01 1.282704369357330707e-03
-2.149221902780177018e+01 1.368088340758843828e-03
-2.147584000171611862e+01 1.395313003699322771e-03
-2.145946870657500938e+01 1.384149515057976404e-03
-2.144326030111187009e+01 1.445689224032724882e-03
-2.142724809307101808e+01 1.499437046363770844e-03
-2.141136375935199965e+01 1.541262899093594338e-03
-2.139565765130242170e+01 1.555717179919538767e-03
-2.138015457201878178e+01 1.654317191422153286e-03
-2.136479279579353374e+01 1.677352993473623039e-03
-2.134950914209790085e+01 1.696209564453829552e-03
-2.133431735163690490e+01 1.731318249542115406e-03
-2.131924999618165373e+01 1.768301936359761980e-03
-2.130432256829213244e+01 1.828979560705260975e-03
-2.128975377856845341e+01 2.027538711923393671e-03
-2.127531711824398286e+01 1.943135861687007903e-03
-2.126082624949668798e+01 1.984954251358482351e-03
-2.124653208473897692e+01 2.055214649716663802e-03
-2.123233666474045478e+01 2.094764572188427976e-03
-2.121819139977205282e+01 2.121238640006641550e-03
-2.120406813759340281e+01 2.091412259536969132e-03
-2.119007322954340822e+01 2.241426659027565080e-03
-2.117636343578871916e+01 2.355685235983703656e-03
-2.116286167196496848e+01 2.447294306704869866e-03
-2.114938463862714002e+01 2.384912594662327075e-03
-2.113591625104480087e+01 2.447610005525455330e-03
-2.112252809441941181e+01 2.463789433896544211e-03
-2.110925457038554143e+01 2.547140219993495030e-03
-2.109611898098810556e+01 2.615419556728617104e-03
-2.108302779195880206e+01 2.632409674462289021e-03
-2.107000600633554654e+01 2.684533917113928869e-03
-2.105711982733139465e+01 2.786334490996000054e-03
-2.104430468986530656e+01 2.771685812704020261e-03
-2.103152407574940952e+01 2.825368168626260067e-03
-2.101888657395542026e+01 2.983785016286499142e-03
-2.100636131042784527e+01 2.973488017814516614e-03
-2.099394742751342591e+01 3.089288081898460166e-03
-2.098162710278316467e+01 3.114449708861569740e-03
-2.096927611113453693e+01 3.077058022553109257e-03
-2.095696313218630991e+01 3.186651319985925757e-03
-2.094473577684661336e+01 3.180548596394381852e-03
-2.093251169646197241e+01 3.202877250176705548e-03
-2.092041302194401453e+01 3.357704653789308265e-03
-2.090846562058068514e+01 3.377631951028189656e-03
-2.089649892649664764e+01 3.387125677399026140e-03
-2.088451834795562334e+01 3.377220911786801665e-03
-2.087271806013364994e+01 3.696171896411980934e-03
-2.086111208435877273e+01 3.689074473313544694e-03
-2.084949389919066931e+01 3.651404558946416950e-03
-2.083784972214173337e+01 3.684593491696894901e-03
-2.082619803565966876e+01 3.631480530191018557e-03
-2.081457875339566854e+01 3.722807384201096137e-03
-2.080302063931436507e+01 3.741382285374194889e-03
-2.079150751998199098e+01 3.846052068731033863e-03
-2.078009195439475221e+01 3.901808696209994268e-03
-2.076874554921938554e+01 3.975856367332729173e-03
-2.075741142127264993e+01 3.896818347649317563e-03
-2.074612945249318585e+01 4.029737506500269927e-03
-2.073489050256179667e+01 4.114044192326371703e-03
-2.072371482264087206e+01 4.164826155998211689e-03
-2.071265644159696961e+01 4.299704535207262736e-03
-2.070168287125066797e+01 4.369902020749777058e-03
-2.069075445131269930e+01 4.400361714214234832e-03
-2.067983612458953502e+01 4.387288184891273771e-03
-2.066892059204766241e+01 4.416572686010118189e-03
-2.065801473893449014e+01 4.397413119131445350e-03
-2.064717260218176165e+01 4.562897137814107135e-03
-2.063637681164809834e+01 4.509177992536749467e-03
-2.062567776586389101e+01 4.812810231959596327e-03
-2.061498751597240187e+01 4.544782685151926328e-03
-2.060426312775043556e+01 4.718883120251361057e-03
-2.059359698837865693e+01 4.686031707360954757e-03
-2.058295290989054394e+01 4.782731168704270307e-03
-2.057235208145083405e+01 4.798712475631307893e-03
-2.056181437995045513e+01 4.900785553696799732e-03
-2.055137706327595026e+01 5.089613843067590342e-03
-2.054098908716738237e+01 5.037711146918920878e-03
-2.053060196594834963e+01 5.086782908143565318e-03
-2.052026105159585967e+01 5.224645042827390923e-03
-2.050997991963507872e+01 5.247516356647868169e-03
-2.049970058887084434e+01 5.163592356738344429e-03
-2.048939493185113037e+01 5.189952050877450970e-03
-2.047908964663205467e+01 5.157800061448199538e-03
-2.046883461760474887e+01 5.337992327876270142e-03
-2.045865971356355573e+01 5.420957338360348973e-03
-2.044853475480044835e+01 5.523789299290802514e-03
-2.043843899169806022e+01 5.512835352117043640e-03
-2.042834122275958109e+01 5.396108154504351308e-03
-2.041828247552012954e+01 5.687899351296476884e-03
-2.040829559882556765e+01 5.717019537188606365e-03
-2.039831656735723442e+01 5.653602900921789187e-03
-2.038835849211502804e+01 5.759042861456403414e-03
-2.037844289951775778e+01 5.811141705599352954e-03
-2.036854199973618762e+01 5.835112485449386356e-03
-2.035867963137264525e+01 5.948507691481324904e-03
-2.034885186173266902e+01 5.945899097161812599e-03
-2.033903772665258103e+01 5.968956569054177132e-03
-2.032926005813278891e+01 6.041062306105173148e-03
-2.031947043829621435e+01 5.960891433506834876e-03
-2.030973312968296796e+01 6.243272307765078410e-03
-2.030003348779213468e+01 6.104705433999182279e-03
-2.029030996186798319e+01 6.147114947934496920e-03
-2.028063222330860782e+01 6.259963078275716103e-03
-2.027100392151481145e+01 6.326725917894180859e-03
-2.026134122726892883e+01 6.142526930339961035e-03
-2.025163559159270932e+01 6.163216882090457108e-03
-2.024199452518988807e+01 6.361564717783869775e-03
-2.023243891543141615e+01 6.477933036876238997e-03
-2.022289018699927254e+01 6.418426287820095527e-03
-2.021338404704350467e+01 6.681762352481031286e-03
-2.020390019087374611e+01 6.475066944936402370e-03
-2.019439589057909856e+01 6.595309925222059277e-03
-2.018493327341503019e+01 6.611455943703951378e-03
-2.017547612568780124e+01 6.589517741271397160e-03
-2.016606586357398001e+01 6.866338284711816231e-03
-2.015669732314444218e+01 6.814606533464013377e-03
-2.014734563052978444e+01 6.850299285718764418e-03
-2.013803157792420251e+01 6.970701039767061326e-03
-2.012875216660061994e+01 7.055263131895270733e-03
-2.011948573708839660e+01 7.001150413485538598e-03
-2.011021243200440978e+01 7.002322515943660251e-03
-2.010096734203337121e+01 7.144476711506442604e-03
-2.009172971369059013e+01 7.038317559811572630e-03
-2.008249667278055739e+01 7.111630188423533581e-03
-2.007329982917305600e+01 7.229365946012487713e-03
-2.006409345725281312e+01 7.121703973351059536e-03
-2.005488520728842161e+01 7.238851755653106200e-03
-2.004573885905973896e+01 7.320243116419927233e-03
-2.003666413794403311e+01 7.606356439634705258e-03
-2.002764076795452652e+01 7.617990684221400723e-03
-2.001860609143876246e+01 7.448686626855658896e-03
-2.000956254037533455e+01 7.503115920786163767e-03
-2.000056483095759319e+01 7.714451845283416820e-03
-1.999158651323719482e+01 7.702234648389896972e-03
-1.998257778537547580e+01 7.506470512514391499e-03
-1.997359851723937396e+01 7.866858950151404614e-03
-1.996469139624855416e+01 7.916902428406631317e-03
-1.995574205323850236e+01 7.588832669479160693e-03
-1.994678346262494983e+01 7.857694862337678832e-03
-1.993786376782886194e+01 7.794201292166873761e-03
-1.992894784882185633e+01 7.905739413554655967e-03
-1.992006494724810040e+01 7.965361758907595416e-03
-1.991116892332172839e+01 7.814208081284513413e-03
-1.990226577832247301e+01 7.942581673875185461e-03
-1.989342979247303589e+01 8.138699703200150126e-03
-1.988461701351040034e+01 8.051849248690734484e-03
-1.987577951678965604e+01 8.080260093826547793e-03
-1.986693930761855142e+01 7.979407841982302449e-03
-1.985812653948783435e+01 8.217451077682269220e-03
-1.984934053832576240e+01 8.160955848957728020e-03
-1.984056297757640408e+01 8.243407384930279830e-03
-1.983180367914284403e+01 8.290783739856645920e-03
-1.982305029258851192e+01 8.260338170513624803e-03
-1.981432050363149244e+01 8.337201696014720498e-03
-1.980562475874292616e+01 8.491661148659890995e-03
-1.979692795237230740e+01 8.383298071070802854e-03
-1.978826312007671362e+01 8.594372855295838790e-03
-1.977962386354901625e+01 8.605965917172433630e-03
-1.977098640726283918e+01 8.596489538333147717e-03
-1.976237038426821968e+01 8.653229457692540247e-03
-1.975375176169042035e+01 8.575117589264961634e-03
-1.974511080113210681e+01 8.585098760824048936e-03
-1.973650679096663652e+01 8.815491196185486211e-03
-1.972797592581389736e+01 8.999754648669085894e-03
-1.971942681584436485e+01 8.655340191746990763e-03
-1.971081425620809568e+01 8.594083446074131383e-03
-1.970220785389438944e+01 8.869103365132129102e-03
-1.969367071445269346e+01 8.962764115091963538e-03
-1.968516484621088125e+01 8.876096364315832696e-03
-1.967665360795240659e+01 8.997707862350082589e-03
-1.966811992711595636e+01 8.767240994921727398e-03
-1.965959585213139604e+01 9.095837347448681651e-03
-1.965109699185467917e+01 8.952016176721148272e-03
-1.964259022100181440e+01 8.960990384014962465e-03
-1.963409332761161963e+01 9.023704590004712200e-03
-1.962560643402577654e+01 9.107797781998428627e-03
-1.961714819818540434e+01 9.134742918191758251e-03
-1.960873152890330573e+01 9.259866172564306872e-03
-1.960027825116998201e+01 8.988916947829756962e-03
-1.959183524581253266e+01 9.361332015481864041e-03
-1.958346599552785960e+01 9.457517368775961511e-03
-1.957507403838126336e+01 9.178301427888271510e-03
-1.956667126339201701e+01 9.363388856262691226e-03
-1.955830897148820569e+01 9.471185683844631983e-03
-1.954994526749486994e+01 9.358718902240558551e-03
-1.954154518566799936e+01 9.273213400635730089e-03
-1.953315213025734920e+01 9.368367367092863759e-03
-1.952480617934899598e+01 9.480342194466601785e-03
-1.951648925113490662e+01 9.696626114920994452e-03
-1.950819424503153243e+01 9.647062745296941869e-03
-1.949987241071496413e+01 9.420347824717364635e-03
-1.949152266257710053e+01 9.489559165867531357e-03
-1.948321235907963711e+01 9.692443747129813117e-03
-1.947493924515416808e+01 9.803950475524266309e-03
-1.946666161457092414e+01 9.622178028513629286e-03
-1.945838543804493526e+01 9.702872132265939059e-03
-1.945009816176364836e+01 9.553736342904189591e-03
-1.944183133554834697e+01 9.918004570297046796e-03
-1.943357180992218147e+01 9.614899497064725853e-03
-1.942533055280498644e+01 9.979363564531638225e-03
-1.941713335957368614e+01 9.878859430406495418e-03
-1.940892862964223653e+01 1.008802284226289168e-02
-1.940070418854618595e+01 9.742425565308684282e-03
-1.939250552866388944e+01 1.011914939475157087e-02
-1.938439225453613091e+01 1.044163441951255489e-02
-1.937624538683454034e+01 9.895682722176267834e-03
-1.936806940868069660e+01 1.019847837087665791e-02
-1.935989819582075455e+01 9.925752876953557874e-03
-1.935170301712736318e+01 9.988349970824794352e-03
-1.934353223735560690e+01 1.009569994134815532e-02
-1.933538465550916641e+01 1.024958020312559046e-02
-1.932725722358962628e+01 1.018496114274014888e-02
-1.931916508411014988e+01 1.051542678509545352e-02
-1.931104893720168647e+01 9.992824411513150790e-03
-1.930291007225704192e+01 1.033922473614644170e-02
-1.929479778046780325e+01 1.023211565519275071e-02
-1.928672307102549865e+01 1.055746388925206045e-02
-1.927865560537778578e+01 1.032728806951114728e-02
-1.927056140928680250e+01 1.033871397481113917e-02
-1.926247769063525084e+01 1.043901414090925295e-02
-1.925443057503013478e+01 1.064835370878037570e-02
-1.924639250441218508e+01 1.039625906981899404e-02
-1.923833737354804185e+01 1.052128400710882622e-02
-1.923026909769986403e+01 1.038443369418047893e-02
-1.922219318223657325e+01 1.039595724936926563e-02
-1.921414889319818542e+01 1.058985740287299998e-02
-1.920610169322216620e+01 1.037588615201023162e-02
-1.919804781261739635e+01 1.055959431591854160e-02
-1.918999039254450167e+01 1.044376491138237009e-02
-1.918196244786380333e+01 1.078577141226391353e-02
-1.917400295411272282e+01 1.091768907718768285e-02
-1.916600111597691125e+01 1.047386473237690331e-02
-1.915796243059222093e+01 1.059573211715213875e-02
-1.914998814132997751e+01 1.096106293360803001e-02
-1.914206075100093685e+01 1.096460222035668119e-02
-1.913411108943554240e+01 1.078199280185095262e-02
-1.912613726719143159e+01 1.080581800831797827e-02
-1.911817162224279087e+01 1.093499759579382065e-02
-1.911022579872295069e+01 1.085660458327043602e-02
-1.910229199915573162e+01 1.097134745503807428e-02
-1.909439332718181959e+01 1.123610545209038566e-02
-1.908651649788160043e+01 1.113992685525354819e-02
-1.907862112803255172e+01 1.100341371604411644e-02
-1.907072005287701444e+01 1.114472898716971361e-02
-1.906283120656087959e+01 1.118586328485761221e-02
-1.905493000080450727e+01 1.098340943655691862e-02
-1.904699974582564082e+01 1.095356579495683491e-02
-1.903905949143366882e+01 1.082153285903630219e-02
-1.903115742378729891e+01 1.130234535325940273e-02
-1.902325522413487491e+01 1.091545107762483847e-02
-1.901537234624441552e+01 1.134358387966520609e-02
-1.900753007054889565e+01 1.120090439453636129e-02
-1.899965770843457591e+01 1.117318835827336640e-02
-1.899176954078887292e+01 1.110139113933835894e-02
