-8.028016027302520286e+00 2.700695114624172751e-12
-7.873028202188081082e+00 2.700695114624172913e-11
-7.718040377073641878e+00 2.700695114624172913e-10
-7.563052551959202674e+00 2.700695114624172809e-09
-7.408064726844764358e+00 2.700695114624172644e-08
-7.253076901730325154e+00 2.700695114624172644e-07
-6.076493998052088230e+00 2.341866479399814405e-06
-5.635537422413786857e+00 1.045485247757711058e-05
-5.334005878039206117e+00 1.414854532660448467e-05
-5.074066456018902826e+00 7.817812055702878243e-06
-4.866146472161693382e+00 4.635448797939816510e-05
-4.701858802912895818e+00 1.065285823491260957e-04
-4.556609316840346757e+00 2.571655427904196819e-05
-4.412013702263887893e+00 5.913642497727071811e-05
-4.273011014115838613e+00 4.046693462077401133e-05
-4.150819828656768351e+00 7.877150399821877835e-05
-4.039845596320693843e+00 6.584632304707473322e-05
-3.937240419680924752e+00 9.200296481057773483e-05
-3.841035640078295454e+00 7.573763381294789591e-05
-3.751552223517976792e+00 2.200706725064464984e-04
-3.669857805411786522e+00 1.392303391857705418e-04
-3.593851596991616049e+00 2.158945632647878154e-04
-3.519788126387871863e+00 2.510152844202824052e-04
-3.447453730499217883e+00 2.293796773356726441e-04
-3.378013644713770081e+00 2.050294754882080162e-04
-3.311717486729184312e+00 2.730125519144619350e-04
-3.248937429023709633e+00 3.102442289918012626e-04
-3.189177235352842921e+00 4.156634562077099904e-04
-3.131804631056589017e+00 4.273148817367308653e-04
-3.076294915183714895e+00 3.915133040440306380e-04
-3.022869660112622370e+00 4.015716388502064407e-04
-2.971381388946090940e+00 6.057622349089896449e-04
-2.922119184535231895e+00 5.589476154310552523e-04
-2.874654261095512364e+00 6.053316316569893772e-04
-2.828360544633060414e+00 8.542184641360631462e-04
-2.783700068147965556e+00 1.494590556171429942e-03
-2.740530953536031600e+00 1.009300785535145913e-03
-2.698590970605429629e+00 1.045407892832531148e-03
-2.658144094282667957e+00 9.929800930751388199e-04
-2.619116028476499825e+00 1.869788742036677595e-03
-2.581267870139743348e+00 1.379309026009547818e-03
-2.544516662629858317e+00 1.466269364768473969e-03
-2.508883306785716805e+00 1.979025521074376064e-03
-2.474282572956267412e+00 1.813610211934339007e-03
-2.440490131453997957e+00 2.225256839824705547e-03
-2.407552677885184345e+00 2.724198747833593819e-03
-2.375432137837773183e+00 2.329439853732665714e-03
-2.344090147257619883e+00 2.876921714426744926e-03
-2.313514344150553015e+00 3.451274684823006297e-03
-2.283636252087307028e+00 3.184503603765768704e-03
-2.254529013783971525e+00 4.382572216009404317e-03
-2.226013134015270012e+00 4.172515692089432543e-03
-2.198050949864113868e+00 4.478274744729116019e-03
-2.170644885420274672e+00 5.201477785779342992e-03
-2.143701543201728121e+00 4.633229990389524725e-03
-2.117201338957908519e+00 4.759448863865162020e-03
-2.091171451183898355e+00 6.604248828116040214e-03
-2.065660838221699436e+00 6.919700846948880803e-03
-2.040593783483777734e+00 7.124951693817987465e-03
-2.015859675143461871e+00 7.673417539292272382e-03
-1.991494892112716908e+00 8.431471978401808634e-03
-1.967557722303146850e+00 8.639913102387816041e-03
-1.944046089191554305e+00 9.662511658752046331e-03
-1.920816808491145888e+00 1.033953692011468743e-02
-1.897918648319308677e+00 1.091786354539974087e-02
-1.875352728743985509e+00 1.273986270233285270e-02
-1.853040170999965319e+00 1.227009107841467959e-02
-1.831034388993335593e+00 1.395331958181805602e-02
-1.809280217902367038e+00 1.447131800837053901e-02
-1.787771583469896175e+00 1.492545401774045440e-02
-1.766505308754936721e+00 1.518771293369860706e-02
-1.745485213929808044e+00 1.550303113772777928e-02
-1.724710474021022844e+00 1.490564276849051621e-02
-1.704123237689387338e+00 1.610831975228589619e-02
-1.683712955204305306e+00 1.810111288710469085e-02
-1.663498650223798503e+00 1.805770735533515636e-02
-1.643495941549748984e+00 1.860005051549896635e-02
-1.623673643898679853e+00 2.008076551876471216e-02
-1.604003576935772335e+00 2.176314640414754586e-02
-1.584530382982382690e+00 2.141834113070713308e-02
-1.565235848300532639e+00 2.449099333400798703e-02
-1.546072178713164602e+00 2.459609879998850279e-02
-1.527050810285113247e+00 2.593091493641192999e-02
-1.508134388561630734e+00 2.430897781453749892e-02
-1.489305918035290333e+00 2.806516290710187739e-02
-1.470646040454227865e+00 2.697579673182770241e-02
-1.452141690328644152e+00 2.855911294765222166e-02
-1.433713014116308138e+00 2.999657087830234770e-02
-1.415371723014859473e+00 2.989703046425894878e-02
-1.397159279643865659e+00 3.173355343436762288e-02
-1.379060049825570289e+00 3.291177862456375058e-02
-1.361068438221034071e+00 3.305055913506903947e-02
-1.343176630009118355e+00 3.363643940012238376e-02
-1.325372239948670039e+00 3.492185039343572578e-02
-1.307677709390527188e+00 3.563084141323397125e-02
-1.290048990644229843e+00 3.382868453163431072e-02
-1.272472226189633071e+00 4.032522719723612148e-02
-1.254989625504641548e+00 3.659044680728647247e-02
-1.237582192368738898e+00 3.727151059035584829e-02
-1.220216006464531322e+00 3.763660496262680871e-02
-1.202910530099080555e+00 4.052384033734782176e-02
-1.185688372882416353e+00 3.837887276814374443e-02
-1.168530709751542718e+00 4.377710118758653540e-02
-1.151391332818028079e+00 4.120555293655870505e-02
-1.134282958754733173e+00 4.185143517274696884e-02
-1.117251142198712133e+00 4.078734725431821390e-02
-1.100298768179270636e+00 4.392270801752037185e-02
-1.083399104151513859e+00 4.181251302788448893e-02
-1.066509441790244539e+00 4.271023609478606653e-02
-1.049631600436696566e+00 4.420974762836104438e-02
-1.032812537408710929e+00 4.800863441771677231e-02
-1.016027239878663391e+00 4.263534123430560291e-02
-9.992686973423814401e-01 4.416367332664563466e-02
-9.825380067044011678e-01 4.272229708673754706e-02
-9.658184870608468309e-01 4.558689812946571662e-02
-9.491436173492389106e-01 4.596470648987221325e-02
-9.325006071000008223e-01 4.500673866137019224e-02
-9.158742252560461150e-01 4.490242135209185359e-02
-8.992526342738588196e-01 4.459536975884161036e-02
-8.826643824969218066e-01 4.437015424689715742e-02
-8.661176736412026234e-01 4.393394258834765198e-02
-8.495554902652124873e-01 4.120708209374051439e-02
-8.329884111613968800e-01 4.320551673793729397e-02
-8.164204520837672341e-01 4.027735649468146967e-02
-7.998406610728493460e-01 4.736370074471262653e-02
-7.832545989782965234e-01 4.157580095924116870e-02
-7.666761697148825050e-01 4.053153330717086666e-02
-7.501065579073896705e-01 4.163631670334878160e-02
-7.335293154933969495e-01 4.145568365620527079e-02
-7.169606705538045244e-01 3.756965688006575627e-02
-7.004147490744178084e-01 3.884085063618324118e-02
-6.838548381692859390e-01 3.839859696519038607e-02
-6.672465225038612946e-01 3.588773184870868577e-02
-6.506227152672958702e-01 3.557622260460560626e-02
-6.340267064100298944e-01 3.526015650524326472e-02
-6.174251839721147661e-01 3.428148154189716162e-02
-6.007655357635404147e-01 3.239671706423816189e-02
-5.840922842455533726e-01 3.187978195549454746e-02
-5.674232775806008489e-01 3.175884451366401545e-02
-5.507398902682210107e-01 3.134921753638918868e-02
-5.340474730725277563e-01 3.376677816966026230e-02
-5.173017440164313641e-01 2.720740748554547478e-02
-5.005102927189608586e-01 2.883005819141296749e-02
-4.837259077987381417e-01 2.866965987915331276e-02
-4.669408756547778205e-01 2.370396717431822939e-02
-4.501360488247880820e-01 2.525598509014776241e-02
-4.332866213299066405e-01 2.526155773511276278e-02
-4.164151253127373886e-01 2.501997678208407738e-02
-3.995561012941583057e-01 2.227925765318182830e-02
-3.826785388419012834e-01 2.293891169094666727e-02
-3.657731156758067259e-01 2.164716184989264741e-02
-3.488609428286950642e-01 1.989083735941375372e-02
-3.319319509340095120e-01 2.210663372492184531e-02
-3.149632427480472119e-01 1.947695074371096416e-02
-2.979581481093307449e-01 1.798128802299797657e-02
-2.809198234463758381e-01 1.789809329798280890e-02
-2.638645338428643461e-01 1.844700231591121786e-02
-2.468330524440214835e-01 1.726285000636844716e-02
-2.297795054822761029e-01 1.629912155092474307e-02
-2.126486043239239621e-01 1.475823914610282193e-02
-1.955005072061092308e-01 1.381406362619871063e-02
-1.783274751352553200e-01 1.540964219857541596e-02
-1.611407789360898568e-01 1.349009524148197213e-02
-1.439436449132164841e-01 1.423740994442307568e-02
-1.267254526364001987e-01 1.318194337710985702e-02
-1.095111148600858564e-01 1.235540115632289236e-02
-9.226506947960998184e-02 1.258037310238557978e-02
-7.501886785787725831e-02 1.364010513444755684e-02
-5.777240080803466848e-02 9.721816030872349260e-03
-4.051380318896222188e-02 1.176591251885293100e-02
-2.326484362874798456e-02 1.051732145617724663e-02
-5.990803029586271207e-03 9.705142996540192316e-03
1.132237387816702537e-02 1.050440671763981301e-02
2.863523732207784445e-02 1.100754717167794043e-02
4.593046312996020009e-02 9.972971822306459649e-03
6.323132644885530451e-02 8.417824032338585769e-03
8.054024040344520685e-02 8.622045718538673062e-03
9.783268800093494755e-02 7.665466612347454113e-03
1.151342640101607612e-01 8.594344038537381908e-03
1.324367013481024258e-01 8.330785201174454105e-03
1.497321846259711819e-01 7.835291879694304684e-03
1.670428578763535066e-01 8.111294075649968724e-03
1.843396564428674278e-01 8.162542578970911206e-03
2.016186486085116969e-01 7.355115143855938190e-03
2.188890842672930326e-01 8.245674027565152997e-03
2.361373763045361562e-01 6.857309645234347523e-03
2.533555091097525747e-01 7.521029702559310463e-03
2.705726540662500845e-01 7.630041661969360137e-03
2.877821696798669171e-01 7.057332313301851838e-03
3.049544225456479740e-01 6.294922690675231088e-03
3.220966863442504824e-01 7.059421728798001734e-03
3.392173841223463659e-01 6.297915965296239926e-03
3.563077814174610558e-01 6.379271790933644694e-03
3.733653257506229228e-01 7.463618333457094391e-03
3.903998239314300789e-01 6.272212181359009507e-03
4.073841694314521700e-01 5.638661791163638616e-03
4.243105216316229722e-01 5.697533763036236910e-03
4.411837313634557889e-01 5.630086934462848539e-03
4.579877406750529345e-01 4.988012534413290532e-03
4.747159975670155463e-01 5.196263139336446471e-03
4.913752533728086291e-01 6.688317735145280635e-03
5.079402809458231083e-01 5.121810495335438543e-03
5.244139397448517315e-01 6.063464526479283093e-03
5.408164687531704651e-01 6.234856381959513055e-03
5.571102795932116880e-01 6.168471094442454748e-03
5.732840366987059788e-01 5.702052936695714905e-03
5.893458364436503505e-01 5.623977858443237124e-03
6.052938277413510981e-01 5.645094173899952404e-03
6.211165072202410320e-01 5.978335453702901189e-03
6.368412824523760341e-01 5.367219509737390648e-03
6.524703378661402819e-01 5.508054095339992053e-03
6.679904961735056990e-01 5.631789029307401016e-03
6.834070474573026299e-01 5.321596664122825796e-03
6.986894141406566616e-01 5.564663391826412536e-03
7.138492511036956811e-01 5.173383601022347490e-03
7.289084664007213776e-01 5.648092276234223386e-03
7.438573091026270401e-01 5.531345194838025066e-03
7.587096940804841649e-01 6.032712870270518814e-03
7.734788327552473142e-01 5.842799027615947806e-03
7.881605864984446708e-01 5.678557363405092352e-03
8.027678638064013050e-01 6.041859702584477694e-03
8.172926098042763154e-01 6.144638585005565701e-03
8.317418515756302977e-01 6.024108167331901180e-03
8.461545131475598502e-01 6.763009073776387291e-03
8.605141908734682543e-01 6.624595430733438983e-03
8.747885023840096252e-01 6.326070876331773250e-03
8.889964692380962763e-01 6.329421554627720492e-03
9.031643477903238404e-01 6.464690573617066539e-03
9.172801799916496801e-01 6.462542158903262883e-03
9.313498575710226213e-01 6.769175619476811533e-03
9.453776421840796029e-01 6.468600788141434625e-03
9.593758226013823220e-01 6.904773341152859768e-03
9.733545620278367672e-01 6.836038034782743536e-03
9.872817640893314373e-01 7.169748451517519647e-03
1.001187204604813141e+00 6.760883717862985719e-03
1.015090198662641274e+00 6.842774074130280292e-03
1.028987697534349710e+00 6.850969485873066762e-03
1.042903981001748193e+00 6.704881448530726658e-03
1.056854750604900417e+00 6.864741366674449209e-03
1.070833976166896795e+00 6.496980603578217210e-03
1.084833532026769243e+00 6.730095621271524851e-03
1.098887485070822567e+00 6.357529721059916421e-03
1.113018379009691916e+00 6.282142973856059270e-03
1.127225349811115995e+00 6.055945588397245068e-03
1.141529679781903006e+00 6.017540984899857892e-03
1.155953408015133688e+00 5.836292975610726623e-03
1.170517745929065434e+00 5.492828143195682689e-03
1.185237171305858261e+00 5.254707786473094937e-03
1.200128883280713765e+00 4.993737838179573320e-03
1.215216314849062229e+00 4.750275616012076402e-03
1.230515900622573877e+00 4.487347155449604615e-03
1.246069120920836548e+00 4.269927343844776187e-03
1.261885288549032147e+00 4.020914021096711616e-03
1.277995294864628928e+00 3.699253911833079965e-03
1.294437197133477380e+00 3.438248209762470500e-03
1.311228503447822824e+00 3.176049904203532160e-03
1.328431230500376925e+00 2.767484892250922628e-03
1.346085377338754441e+00 2.535551652621494210e-03
1.364205845910729575e+00 2.254951402492694820e-03
1.382824514998825194e+00 2.026445421874187910e-03
1.401991948520279863e+00 1.845992812614009144e-03
1.421738997062534704e+00 1.679502479909495425e-03
1.442085052979566573e+00 1.482650422414107019e-03
1.463096006442364816e+00 1.406455426698999950e-03
1.484829262408754236e+00 1.235149535250301385e-03
1.507319143119181248e+00 1.058269781386843821e-03
1.530671834907613160e+00 1.039013219053806433e-03
1.554915622960772348e+00 7.997465112222159776e-04
1.580021897061782088e+00 7.246422949468897794e-04
1.606033477237460927e+00 6.470781280262014436e-04
1.633120736950743668e+00 6.635515988412829481e-04
1.661331367335437514e+00 5.035946348689277234e-04
1.690767711366425008e+00 4.185660582280769184e-04
1.721648304632269699e+00 4.649742228827135303e-04
1.754039971949111321e+00 3.127496084492837648e-04
1.787952257471005391e+00 2.940209754608301461e-04
1.823479137531192951e+00 2.464319664854573385e-04
1.861024345744659581e+00 2.349791244794937847e-04
1.900952541728448075e+00 2.330025300183741091e-04
1.943639280892078158e+00 1.495682902272398257e-04
1.989232242853949062e+00 1.818664647673776970e-04
2.037512480637177603e+00 1.240587295068738241e-04
2.089143528604626709e+00 7.491602994932070525e-05
2.144736500855746186e+00 1.090277837331056878e-04
2.205540049326835117e+00 4.443757657435526458e-05
2.271070871264992519e+00 4.118466438669642619e-05
2.341644112688935131e+00 3.238659911744069445e-05
2.418272570564004909e+00 2.788226283161689855e-05
2.500606317590402305e+00 6.770622743113133323e-05
2.590052953961963667e+00 4.354634156621872205e-05
2.687418425661970645e+00 1.748343122983879287e-05
2.792809570748858050e+00 1.480067039435802345e-05
2.907225583137185154e+00 1.846311122957368383e-05
3.027381931581133223e+00 7.321019423174865762e-05
3.162910207797288820e+00 2.400098835192195559e-05
3.305054416496540526e+00 1.022440117875687871e-05
3.445584005930196092e+00 2.350869982067618354e-05
3.600399403207819482e+00 3.915514604477938581e-05
3.766202956433438942e+00 2.054500557722257657e-05
3.956468826259285088e+00 6.863048038412319716e-06
4.155341761847846094e+00 1.663272712259690743e-05
4.366529157831005037e+00 9.098500731755831649e-06
4.636499411262644088e+00 2.396502240604696317e-05
5.263903995958337134e+00 1.077352405756175625e-06
6.544543065200636889e+00 4.801468481430723046e-06
6.699530890315076093e+00 4.801468481430723046e-07
6.854518715429515296e+00 4.801468481430722913e-08
7.009506540543953612e+00 4.801468481430723244e-09
7.164494365658392816e+00 4.801468481430723451e-10
7.319482190772832020e+00 4.801468481430723322e-11
