-5.214841362323981988e-01 1.881636979378222723e-09
-4.983071776984241419e-01 1.881636979378222558e-08
-4.751302191644500850e-01 1.881636979378222558e-07
-4.519532606304760280e-01 1.881636979378222769e-06
-4.287763020965020266e-01 1.881636979378222896e-05
-4.055993435625279697e-01 1.881636979378222625e-04
-2.560418961969009310e-01 3.978829880908854350e-04
-1.692611865994856912e-01 5.933135413687760235e-04
-1.019337902519770744e-01 1.159560567629138155e-03
-4.957823767133035658e-02 1.717320215987501149e-03
-6.943797071723839358e-03 2.278815130495857617e-03
2.707144620190576542e-02 2.732628490418686530e-03
5.550793011055866338e-02 4.586358075958699848e-03
8.012989306265511091e-02 5.886710965145002840e-03
1.017830323347254373e-01 7.304776630496574892e-03
1.211194089561525578e-01 1.021149133894497067e-02
1.382626943814824205e-01 1.143007473098809311e-02
1.537879343766428708e-01 1.300657730981280395e-02
1.679819020127446827e-01 1.487878006923460880e-02
1.809673735551149409e-01 2.234398888659424112e-02
1.929567043482285360e-01 2.291559273966213214e-02
2.040944063296979416e-01 2.276231821207261655e-02
2.145245136838574429e-01 3.429704147943106463e-02
2.242850496104921432e-01 3.466452472041869903e-02
2.334174112211725716e-01 4.598669183277921679e-02
2.420358468052604961e-01 4.573120120467950855e-02
2.502134530442715055e-01 4.997128115544308136e-02
2.579033751081923898e-01 6.362290714209380138e-02
2.652345849683431789e-01 5.652633342060073979e-02
2.722979387302497667e-01 6.814615550299703284e-02
2.790461647282317381e-01 6.775575023864506552e-02
2.855579509771932756e-01 7.656123079855491065e-02
2.918482311125850104e-01 7.893847071307885654e-02
2.978656160974217926e-01 9.113438246021041134e-02
3.036653561522211775e-01 9.593426212946311316e-02
3.093037294908130286e-01 1.119462011676241736e-01
3.147682483171878598e-01 1.202887596379205726e-01
3.200639659356490085e-01 1.266719017985656892e-01
3.252322148683083336e-01 1.264597538702847412e-01
3.302709526938558682e-01 1.366112993572133893e-01
3.351702588638256763e-01 1.388334720012165957e-01
3.399573568129389267e-01 1.466539657774888483e-01
3.446459790291402925e-01 1.471372545403850929e-01
3.492339952535318814e-01 1.457589698931923972e-01
3.537366209122015381e-01 1.743214102606329141e-01
3.581583027312134626e-01 1.638922690012985517e-01
3.624799061042158765e-01 1.854509283212522619e-01
3.667093306794380059e-01 1.770110905872804563e-01
3.708725555455779088e-01 1.986486169104824118e-01
3.749726055362114785e-01 1.821410056063758609e-01
3.790111879998002697e-01 2.066532947674439569e-01
3.829788984383650785e-01 2.018697787182351100e-01
3.868813734420490369e-01 2.161221513824907459e-01
3.907402119939611396e-01 2.269577041992715816e-01
3.945449470301696238e-01 2.254082594686104835e-01
3.982952444342801046e-01 2.381789254154776658e-01
4.020168470480960377e-01 2.202519329861313269e-01
4.057058763481589114e-01 2.433930284052276127e-01
4.093518847810057038e-01 2.602004032856136684e-01
4.129587582921994127e-01 2.534872824005720560e-01
4.165198463536589069e-01 2.788334051084439547e-01
4.200471128386772945e-01 2.509270026955184862e-01
4.235431235685848117e-01 2.471759981931992423e-01
4.270019240748137435e-01 2.651973004404861167e-01
4.304344927369411211e-01 2.538504003396777065e-01
4.338430578055162967e-01 2.792982804378773554e-01
4.372190168075448802e-01 2.573611715759355767e-01
4.405695983637702984e-01 2.691551140424054411e-01
4.439060417928329949e-01 2.550952654798170349e-01
4.472211250491369139e-01 2.774779938530322898e-01
4.505129311076480070e-01 2.684629264542521265e-01
4.537910932282687160e-01 2.673079201313706132e-01
4.570421262387935335e-01 2.708332804047745013e-01
4.602689719903952925e-01 2.679185907799931932e-01
4.634850459455199800e-01 2.809712253777018054e-01
4.666830800508273702e-01 2.717338523255125038e-01
4.698637867676362934e-01 2.781237974510854527e-01
4.730267488612950322e-01 2.737228834064913685e-01
4.761751486554398616e-01 2.789664795549897103e-01
4.793166414704225220e-01 2.622438262020538313e-01
4.824506046729569730e-01 2.409080030706082787e-01
4.855696493336442709e-01 2.690877944971603597e-01
4.886752544575360124e-01 2.631175030169589646e-01
4.917747914527522135e-01 2.599326046434882187e-01
4.948676080849745418e-01 2.522038544842563068e-01
4.979533687444983592e-01 2.457777149942407813e-01
5.010344432462977560e-01 2.381794176209539871e-01
5.041144147534121212e-01 2.424109909095795989e-01
5.071850157543525972e-01 2.291518282764319070e-01
5.102349839739344084e-01 2.478400906765883260e-01
5.132760866666404853e-01 2.128630756048559558e-01
5.163081226499438570e-01 2.333788912271360927e-01
5.193358010857442864e-01 2.215952421706126330e-01
5.223652284916433519e-01 2.155192371521483241e-01
5.253896376018822867e-01 2.233052826857652717e-01
5.284120717147564594e-01 2.149634997231390510e-01
5.314322739360648473e-01 1.942727794474816971e-01
5.344457818645360625e-01 1.953254688768533143e-01
5.374522679072607501e-01 2.024597795104733089e-01
5.404525282637381300e-01 1.913345463000430124e-01
5.434506130011245162e-01 1.889915435265127341e-01
5.464444402758028563e-01 1.731300252961662789e-01
5.494331986460063710e-01 1.720069621582431263e-01
5.524239116393860893e-01 1.799611053888834633e-01
5.554111547494188228e-01 1.756263973344189266e-01
5.583949848474993871e-01 1.782888518616533580e-01
5.613705966984756657e-01 1.730608316732765439e-01
5.643485658582683140e-01 1.536601216348756072e-01
5.673416344403635625e-01 1.499418039079488119e-01
5.703363721601520941e-01 1.539620128509795183e-01
5.733258858175906969e-01 1.496094929453977151e-01
5.763177121347953236e-01 1.439462945213975942e-01
5.793082653359714618e-01 1.366227270858992870e-01
5.822991866367734914e-01 1.259372969837719569e-01
5.852926483074640807e-01 1.357916461166048527e-01
5.882772730048042575e-01 1.308629550601987934e-01
5.912589093599961432e-01 1.170555856857937588e-01
5.942505077054345275e-01 1.157799931723736825e-01
5.972443067653554483e-01 1.331830716123584002e-01
6.002336878168039735e-01 1.157571901593349856e-01
6.032264521187271633e-01 1.022312980983755559e-01
6.062184385001700981e-01 1.090247692728467666e-01
6.092116602825221605e-01 1.130410497697288408e-01
6.122073939153116484e-01 1.081548032564209616e-01
6.152050991605402253e-01 1.079375287300318176e-01
6.182081048383745170e-01 1.013608637453140143e-01
6.212096097079942147e-01 9.477284292912976915e-02
6.242116218312825371e-01 9.112732284584569575e-02
6.272171703044309155e-01 9.268411142834701022e-02
6.302216664626599796e-01 9.084912832542063610e-02
6.332272914974330646e-01 9.083682389439931559e-02
6.362410766807640172e-01 8.964720003973308815e-02
6.392549044755829746e-01 8.624054840269428091e-02
6.422627996195400257e-01 8.761786697842899319e-02
6.452737944777149348e-01 8.908980433060646742e-02
6.482911410370650884e-01 7.700494027972511202e-02
6.513158627369293185e-01 8.412491931073241835e-02
6.543429854873945573e-01 7.708487062514988997e-02
6.573677969359531525e-01 7.451143494836001691e-02
6.603923174773049798e-01 7.585212746087667546e-02
6.634221497996658501e-01 6.706281067738446844e-02
6.664547992095979367e-01 7.513154171659346126e-02
6.694859454179344915e-01 7.290688182456235567e-02
6.725194870921122892e-01 6.453025131556011651e-02
6.755547494370708339e-01 6.581552525333406178e-02
6.785914305799432000e-01 7.181046269421267891e-02
6.816317622783343300e-01 6.274698208418080791e-02
6.846653251110813576e-01 6.878757632389648213e-02
6.876992446197168762e-01 5.998504728879424513e-02
6.907516973861820286e-01 5.920607372524674950e-02
6.938087026804405921e-01 5.584278377852607694e-02
6.968617478306775581e-01 6.195769615362495958e-02
6.999187574937129064e-01 5.766286800912262533e-02
7.029762904100795851e-01 6.108448502271095204e-02
7.060296782217592160e-01 5.801284042833054072e-02
7.090889197752621165e-01 5.792732049299909036e-02
7.121546264611305910e-01 6.230534766916713540e-02
7.152118263098099504e-01 5.420064997484432684e-02
7.182656592039040611e-01 5.510011365869292577e-02
7.213218982799231016e-01 5.636835664283516845e-02
7.243765696644686169e-01 5.513657344557768708e-02
7.274325306881703757e-01 5.348378234414893212e-02
7.304860905937984317e-01 5.338101644081465202e-02
7.335426383583749654e-01 5.207693235597269515e-02
7.366054185105086471e-01 4.946436543163150457e-02
7.396720441455486572e-01 4.442047971404475271e-02
7.427340152387895689e-01 4.460684443488285161e-02
7.457878506343609271e-01 5.021037598832370913e-02
7.488432031141751821e-01 5.482167673293938254e-02
7.518951116727589090e-01 5.223690196164568894e-02
7.549466882262662049e-01 4.883704452528969675e-02
7.579983739741888993e-01 5.275108995195775669e-02
7.610544434438433203e-01 4.884301074642680845e-02
7.641073566942242490e-01 4.748908599656171542e-02
7.671456242918690549e-01 5.021696269327566992e-02
7.701780444208053966e-01 5.030937228187715854e-02
7.732064774193379009e-01 5.101992502450020117e-02
7.762320486134348663e-01 5.014386943947871100e-02
7.792552866873169171e-01 4.682545869642433523e-02
7.822727917709195733e-01 5.174876373294574894e-02
7.852856268359872383e-01 5.281406468029868628e-02
7.882972946897174316e-01 5.612049144097776970e-02
7.913059722550301878e-01 5.405065886905868061e-02
7.943048590491212924e-01 5.188631619827428071e-02
7.972972478793129980e-01 5.522386661857285606e-02
8.002829171674904485e-01 5.339403871662486145e-02
8.032558259733679762e-01 5.680298013002967050e-02
8.062206202536201793e-01 5.817192202223177983e-02
8.091714323096954598e-01 5.243190996209386862e-02
8.121067207199242910e-01 5.740296481410583213e-02
8.150339947531517470e-01 6.050276545108757703e-02
8.179502543160657169e-01 6.022559420137731101e-02
8.208501295142465182e-01 6.164309657309263030e-02
8.237373638329839043e-01 6.236203269070430405e-02
8.266149628504853020e-01 5.854367545827199315e-02
8.294817762194366395e-01 5.530663351353612422e-02
8.323302834556001173e-01 5.767178039870513723e-02
8.351670900815810761e-01 5.918181908564235094e-02
8.379960381996439667e-01 6.067289619757713914e-02
8.408070546377310883e-01 5.803611478902846732e-02
8.435994676490972122e-01 5.760438991861362157e-02
8.463664432451365460e-01 5.978946676095087814e-02
8.491120181421649704e-01 6.050753188003686611e-02
8.518396108801431499e-01 6.116220935518411339e-02
8.545487154401829599e-01 6.095775373124396462e-02
8.572432868039812082e-01 5.868912711746419875e-02
8.599173910773945106e-01 6.007845405722254256e-02
8.625673803726940925e-01 5.967552106148623497e-02
8.651905360714421400e-01 6.152617610540721260e-02
8.677870276504850988e-01 6.508909324724784784e-02
8.703603371782197007e-01 6.077351793887855042e-02
8.728885579931195959e-01 6.010791451542658176e-02
8.753945862264879141e-01 6.087749347370721015e-02
8.779001711099290173e-01 6.128067715220238826e-02
8.803837321874676825e-01 6.010043284769450017e-02
8.828449845664494422e-01 6.008491786223578435e-02
8.852801603345512582e-01 6.354884166342655849e-02
8.876911019708715322e-01 5.974636520355456476e-02
8.900813250314116853e-01 6.071198129127767379e-02
8.924482553460468814e-01 6.068850081794441298e-02
8.947866333135684469e-01 5.815731117321183696e-02
8.971030609376019482e-01 5.994791723009271212e-02
8.994027765844907485e-01 5.931663862006184007e-02
9.016805482326545329e-01 6.014018674776737405e-02
9.039309265904322821e-01 5.943053334669563120e-02
9.061603191200569007e-01 6.129520963178135273e-02
9.083709172446409186e-01 6.170066889088193784e-02
9.105574087386166804e-01 6.159993983558613440e-02
9.127239888495772835e-01 5.953144884413172355e-02
9.148714904641369605e-01 5.917818353494381373e-02
9.170039595632397678e-01 5.672895620972025210e-02
9.191237173650936843e-01 5.745116140086534845e-02
9.212251032404779050e-01 5.633636554223310500e-02
9.233074176539063371e-01 5.767551908538217503e-02
9.253750956000466044e-01 5.848715844325592939e-02
9.274288163214058356e-01 5.970255937343946218e-02
9.294741857689905462e-01 5.469593791341429562e-02
9.315140484720803027e-01 5.299857505865878532e-02
9.335442566774962980e-01 5.407724945739973005e-02
9.355634443611378082e-01 5.345729902162505570e-02
9.375759231296197926e-01 5.290597631378796128e-02
9.395828594566217884e-01 5.302905951898146536e-02
9.415826264036679660e-01 5.187623106514840238e-02
9.435805859850099342e-01 5.074106101881346170e-02
9.455794508056860614e-01 4.849903575086202817e-02
9.475776919098597428e-01 4.842290225438766749e-02
9.495752220117460451e-01 4.728404007600749831e-02
9.515737878490331259e-01 4.739643834322976312e-02
9.535753243107283339e-01 4.826811888672211115e-02
9.555825405402296191e-01 4.516714704218498244e-02
9.575948337393815901e-01 4.379951477452923014e-02
9.596099690190423859e-01 4.272937549155293724e-02
9.616348721932834742e-01 4.033023373356068447e-02
9.636727460350202890e-01 4.158586669275594894e-02
9.657238777231842430e-01 3.936094408023087937e-02
9.677886056343939503e-01 3.848859148527297019e-02
9.698677495020847639e-01 3.691338583728731582e-02
9.719655198240962912e-01 3.519642017371885090e-02
9.740820322011762844e-01 3.406280202360163073e-02
9.762159908482337389e-01 3.557541898988429013e-02
9.783716890910393316e-01 3.071040999542851840e-02
9.805552459679829358e-01 3.081923705562175306e-02
9.827729732530421369e-01 2.939963017387545521e-02
9.850217618137946385e-01 2.779487920411927160e-02
9.872993791336042158e-01 2.561517569219812912e-02
9.896160564646607760e-01 2.563464669606370372e-02
9.919798125082546214e-01 2.360555820357678608e-02
9.943918566341846121e-01 2.168066204827042223e-02
9.968539982456491311e-01 2.142291959997686887e-02
9.993733994785148900e-01 2.009789125842193977e-02
1.001948483120429501e+00 1.855861344368040997e-02
1.004585123869690788e+00 1.711061501025147938e-02
1.007300354139298637e+00 1.549158319499428609e-02
1.010093359377922217e+00 1.474429228685303524e-02
1.012972691687465954e+00 1.326508836803961741e-02
1.015951045046541656e+00 1.221347886919268814e-02
1.019024751190519940e+00 1.241190575540440134e-02
1.022213931587534264e+00 1.080306130944745473e-02
1.025542412593191344e+00 9.416268757540991949e-03
1.029010951814713692e+00 8.422968656576710830e-03
1.032634088633921809e+00 7.804035968982709140e-03
1.036430544181226265e+00 7.451870867368381307e-03
1.040416959263389174e+00 6.402455105526512480e-03
1.044620180370977369e+00 5.752322441418814512e-03
1.049072418167017240e+00 4.802090664964374540e-03
1.053784302588556265e+00 4.515637491349853462e-03
1.058793011467944023e+00 3.600085175606974972e-03
1.064147105734259746e+00 3.165780996285925269e-03
1.069885997320372928e+00 2.743049158964651780e-03
1.076105380368900466e+00 2.897470702740151307e-03
1.082779792713433054e+00 2.201810481441624640e-03
1.090058613948770683e+00 1.733054858142359621e-03
1.098205727172058221e+00 1.760316174139523815e-03
1.107321964727468133e+00 1.168164970803418521e-03
1.117580183245842296e+00 7.389679689177078813e-04
1.129421045576313176e+00 7.470445188683428077e-04
1.143390663137180852e+00 4.804086395853207798e-04
1.160152343684938359e+00 3.057663766731292783e-04
1.181222685555827212e+00 3.881436109522716027e-04
1.209002129663432124e+00 3.381170600884763787e-04
1.245867956782290786e+00 1.489972802656314458e-04
1.297082018245113488e+00 1.721497084603698722e-04
1.368553151800428136e+00 8.413061676016566725e-05
1.462352727607740821e+00 1.033652421091883940e-04
1.662730013035967680e+00 4.292398132419779382e-05
1.685906971569941737e+00 4.292398132419779552e-06
1.709083930103915794e+00 4.292398132419779446e-07
1.732260888637889851e+00 4.292398132419779578e-08
1.755437847171863908e+00 4.292398132419779909e-09
1.778614805705837965e+00 4.292398132419779599e-10
