-2.491638795986622057e+01 0.000000000000000000e+00
-2.474916387959866171e+01 0.000000000000000000e+00
-2.458193979933110285e+01 0.000000000000000000e+00
-2.441471571906354399e+01 0.000000000000000000e+00
-2.424749163879598512e+01 9.343749999999980684e-08
-2.408026755852842626e+01 0.000000000000000000e+00
-2.391304347826087096e+01 1.868749999999996137e-07
-2.374581939799331209e+01 9.343749999999980684e-08
-2.357859531772575323e+01 4.671874999999990739e-07
-2.341137123745819437e+01 9.343749999999980684e-08
-2.324414715719063551e+01 1.868749999999996137e-07
-2.307692307692307665e+01 9.343749999999980684e-08
-2.290969899665551779e+01 1.868749999999996137e-07
-2.274247491638795893e+01 9.343749999999980684e-08
-2.257525083612040007e+01 2.803124999999994867e-07
-2.240802675585284476e+01 0.000000000000000000e+00
-2.224080267558528590e+01 3.737499999999992274e-07
-2.207357859531772704e+01 0.000000000000000000e+00
-2.190635451505016817e+01 2.803124999999994867e-07
-2.173913043478260931e+01 1.868749999999996137e-07
-2.157190635451505045e+01 9.343749999999980684e-08
-2.140468227424749159e+01 2.803124999999994867e-07
-2.123745819397993273e+01 0.000000000000000000e+00
-2.107023411371237387e+01 9.343749999999980684e-08
-2.090301003344481501e+01 9.343749999999980684e-08
-2.073578595317725615e+01 1.868749999999996137e-07
-2.056856187290969729e+01 9.343749999999980684e-08
-2.040133779264213842e+01 2.803124999999994867e-07
-2.023411371237457956e+01 4.671874999999990739e-07
-2.006688963210702425e+01 2.803124999999994867e-07
-1.989966555183946539e+01 9.343749999999980684e-08
-1.973244147157190653e+01 1.868749999999996137e-07
-1.956521739130434767e+01 2.803124999999994867e-07
-1.939799331103678881e+01 2.803124999999994867e-07
-1.923076923076922995e+01 3.737499999999992274e-07
-1.906354515050167464e+01 4.671874999999990739e-07
-1.889632107023411578e+01 2.803124999999994867e-07
-1.872909698996655692e+01 9.343749999999980684e-08
-1.856187290969899806e+01 1.868749999999996137e-07
-1.839464882943143920e+01 6.540624999999986611e-07
-1.822742474916388034e+01 3.737499999999992274e-07
-1.806020066889632147e+01 9.343749999999980684e-08
-1.789297658862876261e+01 3.737499999999992274e-07
-1.772575250836120375e+01 1.868749999999996137e-07
-1.755852842809364489e+01 1.868749999999996137e-07
-1.739130434782608603e+01 5.606249999999989734e-07
-1.722408026755852717e+01 3.737499999999992274e-07
-1.705685618729096831e+01 3.737499999999992274e-07
-1.688963210702340945e+01 3.737499999999992274e-07
-1.672240802675585059e+01 9.343749999999980684e-08
-1.655518394648829172e+01 2.803124999999994867e-07
-1.638795986622073642e+01 1.868749999999996137e-07
-1.622073578595317755e+01 8.409374999999983542e-07
-1.605351170568561869e+01 4.671874999999990739e-07
-1.588628762541805983e+01 4.671874999999990739e-07
-1.571906354515050097e+01 5.606249999999989734e-07
-1.555183946488294211e+01 3.737499999999992274e-07
-1.538461538461538503e+01 1.308124999999997322e-06
-1.521739130434782616e+01 1.027812499999998047e-06
-1.505016722408026730e+01 4.671874999999990739e-07
-1.488294314381270844e+01 9.343749999999981478e-07
-1.471571906354515136e+01 1.494999999999996909e-06
-1.454849498327759250e+01 1.308124999999997322e-06
-1.438127090301003363e+01 8.409374999999983542e-07
-1.421404682274247477e+01 9.343749999999981478e-07
-1.404682274247491591e+01 9.343749999999981478e-07
-1.387959866220735705e+01 9.343749999999981478e-07
-1.371237458193979997e+01 1.494999999999996909e-06
-1.354515050167224111e+01 9.343749999999981478e-07
-1.337792642140468224e+01 1.775312499999996608e-06
-1.321070234113712338e+01 9.343749999999981478e-07
-1.304347826086956630e+01 1.214687499999997423e-06
-1.287625418060200744e+01 1.588437499999996809e-06
-1.270903010033444858e+01 1.401562499999997222e-06
-1.254180602006688972e+01 1.775312499999996608e-06
-1.237458193979933085e+01 1.681874999999996708e-06
-1.220735785953177199e+01 1.494999999999996909e-06
-1.204013377926421313e+01 1.775312499999996608e-06
-1.187290969899665605e+01 1.962187499999996195e-06
-1.170568561872909719e+01 2.989999999999993819e-06
-1.153846153846153832e+01 2.522812499999994745e-06
-1.137123745819397946e+01 2.335937499999995370e-06
-1.120401337792642238e+01 2.522812499999994745e-06
-1.103678929765886352e+01 2.522812499999994745e-06
-1.086956521739130466e+01 3.270312499999993517e-06
-1.070234113712374580e+01 3.083437499999993718e-06
-1.053511705685618693e+01 4.298124999999991988e-06
-1.036789297658862807e+01 3.550624999999993216e-06
-1.020066889632106921e+01 5.045624999999989490e-06
-1.003344481605351213e+01 5.699687499999988787e-06
-9.866220735785953266e+00 6.260312499999988183e-06
-9.698996655518394405e+00 6.727499999999986834e-06
-9.531772575250835544e+00 7.288124999999985384e-06
-9.364548494983278459e+00 8.409374999999982484e-06
-9.197324414715719598e+00 8.876562499999982828e-06
-9.030100334448160737e+00 8.689687499999981335e-06
-8.862876254180601876e+00 9.343749999999981478e-06
-8.695652173913043015e+00 1.139937499999997757e-05
-8.528428093645484154e+00 1.214687499999997677e-05
-8.361204013377925293e+00 1.345499999999997367e-05
-8.193979933110366431e+00 1.382874999999997327e-05
-8.026755852842809347e+00 1.541718749999996732e-05
-7.859531772575252262e+00 1.466968749999996982e-05
-7.692307692307693401e+00 1.831374999999996336e-05
-7.525083612040134540e+00 2.616249999999994814e-05
-7.357859531772575679e+00 2.261187499999995365e-05
-7.190635451505016817e+00 2.747062499999994504e-05
-7.023411371237457956e+00 2.943281249999994039e-05
-6.856187290969899095e+00 2.793781249999994199e-05
-6.688963210702340234e+00 3.840281249999992735e-05
-6.521739130434781373e+00 4.428937499999991339e-05
-6.354515050167222512e+00 4.550406249999990955e-05
-6.187290969899665427e+00 5.101687499999989938e-05
-6.020066889632108342e+00 6.166874999999986929e-05
-5.852842809364549481e+00 6.073437499999988215e-05
-5.685618729096990620e+00 7.213374999999984448e-05
-5.518394648829431759e+00 7.745968749999984637e-05
-5.351170568561872898e+00 9.259656249999981823e-05
-5.183946488294314037e+00 1.058646874999997887e-04
-5.016722408026755176e+00 1.247390624999997362e-04
-4.849498327759196314e+00 1.377268749999997180e-04
-4.682274247491637453e+00 1.454821874999996851e-04
-4.515050167224080369e+00 1.748215624999996485e-04
-4.347826086956523284e+00 2.022921874999995969e-04
-4.180602006688964423e+00 2.377049999999995410e-04
-4.013377926421405562e+00 2.832090624999994573e-04
-3.846153846153846700e+00 3.381503124999993000e-04
-3.678929765886287839e+00 4.175721874999992027e-04
-3.511705685618728978e+00 5.266137499999989490e-04
-3.344481605351170117e+00 6.613506249999986973e-04
-3.177257525083611256e+00 8.479453124999983315e-04
-3.010033444816052395e+00 1.100693749999997898e-03
-2.842809364548493534e+00 1.453887499999997196e-03
-2.675585284280936449e+00 1.901172812499996338e-03
-2.508361204013379364e+00 2.464320624999995213e-03
-2.341137123745820503e+00 3.237702812499993355e-03
-2.173913043478261642e+00 4.245426249999991256e-03
-2.006688963210702781e+00 5.506832499999989028e-03
-1.839464882943143920e+00 6.936799999999986900e-03
-1.672240802675585059e+00 8.748553124999981778e-03
-1.505016722408026197e+00 1.071139468749997790e-02
-1.337792642140467336e+00 1.295623062499997452e-02
-1.170568561872908475e+00 1.521835249999996947e-02
-1.003344481605351390e+00 1.755055249999996556e-02
-8.361204013377943056e-01 1.965102749999995957e-02
-6.688963210702354445e-01 2.134364781249995652e-02
-5.016722408026765834e-01 2.269316562499995582e-02
-3.344481605351177222e-01 2.337329718749995427e-02
-1.672240802675588611e-01 2.338619156249995348e-02
0.000000000000000000e+00 2.286649218749995174e-02
1.672240802675588611e-01 2.189343406249995641e-02
3.344481605351177222e-01 2.054606531249995871e-02
5.016722408026765834e-01 1.876383843749996130e-02
6.688963210702354445e-01 1.706505124999996639e-02
8.361204013377925293e-01 1.519097531249996927e-02
1.003344481605349614e+00 1.349106687499997299e-02
1.170568561872908475e+00 1.191281406249997642e-02
1.337792642140467336e+00 1.050900906249997886e-02
1.505016722408026197e+00 9.148091874999982748e-03
1.672240802675585059e+00 7.994045312499984193e-03
1.839464882943143920e+00 6.965578749999985775e-03
2.006688963210702781e+00 6.013076874999988275e-03
2.173913043478261642e+00 5.187556562499989581e-03
2.341137123745820503e+00 4.444448124999990542e-03
2.508361204013379364e+00 3.700124999999992916e-03
2.675585284280936449e+00 3.135295312499993513e-03
2.842809364548493534e+00 2.615689374999995067e-03
3.010033444816052395e+00 2.170833437499995917e-03
3.177257525083611256e+00 1.769519374999996546e-03
3.344481605351170117e+00 1.433518124999997060e-03
3.511705685618728978e+00 1.163950937499997739e-03
3.678929765886287839e+00 8.968131249999981933e-04
3.846153846153846700e+00 6.975109374999985661e-04
4.013377926421405562e+00 5.194190624999990135e-04
4.180602006688964423e+00 3.922506249999992037e-04
4.347826086956523284e+00 2.893759374999994253e-04
4.515050167224080369e+00 1.982743749999996054e-04
4.682274247491637453e+00 1.372596874999997278e-04
4.849498327759196314e+00 8.474781249999982329e-05
5.016722408026755176e+00 5.438062499999988560e-05
5.183946488294314037e+00 3.111468749999993688e-05
5.351170568561872898e+00 1.971531249999996100e-05
5.518394648829431759e+00 1.158624999999997737e-05
5.685618729096990620e+00 6.634062499999986087e-06
5.852842809364549481e+00 4.017812499999991443e-06
6.020066889632108342e+00 3.363749999999993417e-06
6.187290969899665427e+00 2.242499999999995894e-06
6.354515050167222512e+00 2.616249999999994645e-06
6.521739130434781373e+00 1.494999999999996909e-06
6.688963210702340234e+00 1.494999999999996909e-06
6.856187290969899095e+00 1.308124999999997322e-06
7.023411371237457956e+00 1.681874999999996708e-06
7.190635451505016817e+00 1.401562499999997222e-06
7.357859531772575679e+00 3.737499999999992274e-07
7.525083612040134540e+00 1.121249999999997947e-06
7.692307692307693401e+00 1.027812499999998047e-06
7.859531772575252262e+00 7.474999999999984547e-07
8.026755852842811123e+00 4.671874999999990739e-07
8.193979933110369984e+00 5.606249999999989734e-07
8.361204013377928845e+00 7.474999999999984547e-07
8.528428093645487706e+00 8.409374999999983542e-07
8.695652173913046568e+00 2.803124999999994867e-07
8.862876254180601876e+00 3.737499999999992274e-07
9.030100334448157184e+00 2.803124999999994867e-07
9.197324414715716046e+00 2.803124999999994867e-07
9.364548494983274907e+00 1.868749999999996137e-07
9.531772575250833768e+00 3.737499999999992274e-07
9.698996655518392629e+00 1.868749999999996137e-07
9.866220735785951490e+00 9.343749999999980684e-08
1.003344481605351035e+01 2.803124999999994867e-07
1.020066889632106921e+01 9.343749999999980684e-08
1.036789297658862807e+01 9.343749999999980684e-08
1.053511705685618693e+01 9.343749999999980684e-08
1.070234113712374580e+01 9.343749999999980684e-08
1.086956521739130466e+01 1.868749999999996137e-07
1.103678929765886352e+01 9.343749999999980684e-08
1.120401337792642238e+01 9.343749999999980684e-08
1.137123745819398124e+01 9.343749999999980684e-08
1.153846153846154010e+01 1.868749999999996137e-07
1.170568561872909896e+01 9.343749999999980684e-08
1.187290969899665782e+01 0.000000000000000000e+00
1.204013377926421668e+01 0.000000000000000000e+00
1.220735785953177555e+01 0.000000000000000000e+00
1.237458193979933441e+01 0.000000000000000000e+00
1.254180602006688972e+01 0.000000000000000000e+00
1.270903010033444502e+01 0.000000000000000000e+00
1.287625418060200388e+01 9.343749999999980684e-08
1.304347826086956275e+01 9.343749999999980684e-08
1.321070234113712161e+01 1.868749999999996137e-07
1.337792642140468047e+01 0.000000000000000000e+00
1.354515050167223933e+01 9.343749999999980684e-08
1.371237458193979819e+01 0.000000000000000000e+00
1.387959866220735705e+01 0.000000000000000000e+00
1.404682274247491591e+01 0.000000000000000000e+00
1.421404682274247477e+01 9.343749999999980684e-08
1.438127090301003363e+01 9.343749999999980684e-08
1.454849498327759250e+01 0.000000000000000000e+00
1.471571906354515136e+01 0.000000000000000000e+00
1.488294314381271022e+01 0.000000000000000000e+00
1.505016722408026908e+01 9.343749999999980684e-08
1.521739130434782794e+01 0.000000000000000000e+00
1.538461538461538680e+01 0.000000000000000000e+00
1.555183946488294566e+01 0.000000000000000000e+00
1.571906354515050452e+01 0.000000000000000000e+00
1.588628762541806339e+01 0.000000000000000000e+00
1.605351170568561869e+01 0.000000000000000000e+00
1.622073578595317400e+01 9.343749999999980684e-08
1.638795986622073286e+01 0.000000000000000000e+00
1.655518394648829172e+01 0.000000000000000000e+00
1.672240802675585059e+01 0.000000000000000000e+00
1.688963210702340945e+01 0.000000000000000000e+00
1.705685618729096831e+01 0.000000000000000000e+00
1.722408026755852717e+01 0.000000000000000000e+00
1.739130434782608603e+01 0.000000000000000000e+00
1.755852842809364489e+01 0.000000000000000000e+00
1.772575250836120375e+01 0.000000000000000000e+00
1.789297658862876261e+01 0.000000000000000000e+00
1.806020066889632147e+01 0.000000000000000000e+00
1.822742474916388034e+01 0.000000000000000000e+00
1.839464882943143920e+01 0.000000000000000000e+00
1.856187290969899806e+01 0.000000000000000000e+00
1.872909698996655692e+01 0.000000000000000000e+00
1.889632107023411578e+01 0.000000000000000000e+00
1.906354515050167464e+01 0.000000000000000000e+00
1.923076923076923350e+01 0.000000000000000000e+00
1.939799331103679236e+01 0.000000000000000000e+00
1.956521739130434767e+01 0.000000000000000000e+00
1.973244147157190298e+01 0.000000000000000000e+00
1.989966555183946184e+01 0.000000000000000000e+00
2.006688963210702070e+01 0.000000000000000000e+00
2.023411371237457956e+01 0.000000000000000000e+00
2.040133779264213842e+01 0.000000000000000000e+00
2.056856187290969729e+01 0.000000000000000000e+00
2.073578595317725615e+01 0.000000000000000000e+00
2.090301003344481501e+01 0.000000000000000000e+00
2.107023411371237387e+01 0.000000000000000000e+00
2.123745819397993273e+01 0.000000000000000000e+00
2.140468227424749159e+01 0.000000000000000000e+00
2.157190635451505045e+01 0.000000000000000000e+00
2.173913043478260931e+01 0.000000000000000000e+00
2.190635451505016817e+01 9.343749999999980684e-08
2.207357859531772704e+01 0.000000000000000000e+00
2.224080267558528590e+01 0.000000000000000000e+00
2.240802675585284476e+01 0.000000000000000000e+00
2.257525083612040362e+01 0.000000000000000000e+00
2.274247491638796248e+01 0.000000000000000000e+00
2.290969899665552134e+01 0.000000000000000000e+00
2.307692307692307665e+01 0.000000000000000000e+00
2.324414715719063196e+01 0.000000000000000000e+00
2.341137123745819082e+01 0.000000000000000000e+00
2.357859531772574968e+01 0.000000000000000000e+00
2.374581939799330854e+01 0.000000000000000000e+00
2.391304347826086740e+01 0.000000000000000000e+00
2.408026755852842626e+01 0.000000000000000000e+00
2.424749163879598512e+01 0.000000000000000000e+00
2.441471571906354399e+01 0.000000000000000000e+00
2.458193979933110285e+01 0.000000000000000000e+00
2.474916387959866171e+01 0.000000000000000000e+00
2.491638795986622057e+01 0.000000000000000000e+00
