-1.439205298880849568e+02 0.000000000000000000e+00
-1.405315979805513678e+02 0.000000000000000000e+00
-1.371426660730177787e+02 0.000000000000000000e+00
-1.337537341654841896e+02 0.000000000000000000e+00
-1.303648022579506005e+02 0.000000000000000000e+00
-1.269758703504170114e+02 0.000000000000000000e+00
-1.235869384428834223e+02 0.000000000000000000e+00
-1.201980065353498333e+02 4.610597210662644836e-09
-1.168090746278162442e+02 0.000000000000000000e+00
-1.134201427202826551e+02 0.000000000000000000e+00
-1.100312108127490660e+02 0.000000000000000000e+00
-1.066422789052154769e+02 0.000000000000000000e+00
-1.032533469976818878e+02 0.000000000000000000e+00
-9.986441509014829876e+01 0.000000000000000000e+00
-9.647548318261470968e+01 0.000000000000000000e+00
-9.308655127508112059e+01 0.000000000000000000e+00
-8.969761936754753151e+01 0.000000000000000000e+00
-8.630868746001394243e+01 0.000000000000000000e+00
-8.291975555248035334e+01 0.000000000000000000e+00
-7.953082364494676426e+01 0.000000000000000000e+00
-7.614189173741317518e+01 4.610597210662644836e-09
-7.275295982987958610e+01 0.000000000000000000e+00
-6.936402792234599701e+01 0.000000000000000000e+00
-6.597509601481240793e+01 0.000000000000000000e+00
-6.258616410727881885e+01 0.000000000000000000e+00
-5.919723219974522976e+01 0.000000000000000000e+00
-5.580830029221164068e+01 0.000000000000000000e+00
-5.241936838467805160e+01 0.000000000000000000e+00
-4.903043647714446251e+01 0.000000000000000000e+00
-4.564150456961087343e+01 0.000000000000000000e+00
-4.084016990642331280e+01 2.514589681987732300e-09
-3.486815819731084076e+01 8.180219975939041589e-09
-2.921834284239693602e+01 1.122214609607329232e-08
-2.385064540760712504e+01 1.512277225219154573e-08
-1.957315437427271476e+01 6.454836094927702275e-08
-1.658893330102847230e+01 1.211470283314754534e-07
-1.442317452831711222e+01 2.497135704770735832e-07
-1.287955912297571537e+01 3.744691419987910212e-07
-1.161274057331452170e+01 5.345608583008277010e-07
-1.060263184664249536e+01 1.007691788861793522e-06
-9.796216456621291258e+00 1.244426672296878991e-06
-9.085528179731745979e+00 2.131753445771615745e-06
-8.464412997856729959e+00 2.119489849327796368e-06
-7.920902437196271961e+00 4.735442512387543472e-06
-7.510421849009902395e+00 1.120522579205537844e-05
-7.219077641592916095e+00 3.324641727665392411e-05
-7.014750660171817032e+00 8.386144342441169332e-05
-6.863280009512628510e+00 1.756033386904030675e-04
-6.746621935712971307e+00 3.678317398925539045e-04
-6.653963393735249809e+00 6.424303408049616580e-04
-6.577121495778573745e+00 1.046128656089474968e-03
-6.511569858538065247e+00 1.609048886504978225e-03
-6.454634402625089251e+00 2.301142779371704705e-03
-6.403690226126579788e+00 2.995234013642828017e-03
-6.356864417449235027e+00 3.836653884129773064e-03
-6.313341290830315700e+00 4.694854302493729759e-03
-6.272804096725939083e+00 5.414613692056127227e-03
-6.234363205991037660e+00 6.299221035697028480e-03
-6.197453288103098146e+00 7.156491717109907114e-03
-6.162206415814362792e+00 7.929734659978213487e-03
-6.128069823698947260e+00 8.803858854860579369e-03
-6.095139596909553426e+00 9.634497823037357564e-03
-6.063182507058714421e+00 1.043100436648795697e-02
-6.032020754720562650e+00 1.118893909937486962e-02
-6.001587456132448040e+00 1.181129774520711141e-02
-5.971771281717579427e+00 1.260857162627738136e-02
-5.942540175219212628e+00 1.328475625860063396e-02
-5.913878174808091970e+00 1.416172165862937538e-02
-5.885790625489143224e+00 1.466898735560787786e-02
-5.858103000530600291e+00 1.556715238669880916e-02
-5.830882269137331875e+00 1.608001203347225044e-02
-5.803983906947038030e+00 1.666733450326389476e-02
-5.777485160528536667e+00 1.729121276181777578e-02
-5.751250047072241856e+00 1.807391099272409943e-02
-5.725351388078312453e+00 1.852086578889409335e-02
-5.699675111363152524e+00 1.907706987402795970e-02
-5.674283494217426949e+00 1.960300739364834871e-02
-5.649178711715007850e+00 2.017843172036037566e-02
-5.624222611054968013e+00 2.050932906135537540e-02
-5.599513919247048221e+00 2.119501612470283888e-02
-5.574941961230644338e+00 2.137409521805002169e-02
-5.550619445011166775e+00 2.219680238101026312e-02
-5.526510538880714307e+00 2.254418437979041970e-02
-5.502512307656863833e+00 2.302257785167151349e-02
-5.478685808262910406e+00 2.315994119105963672e-02
-5.454939110930943968e+00 2.379379899290450309e-02
-5.431364134071996475e+00 2.394783594435402965e-02
-5.407942132547377767e+00 2.454356321323553081e-02
-5.384596254629589573e+00 2.475249060660748499e-02
-5.361392217788313985e+00 2.510513471920974848e-02
-5.338253898416718712e+00 2.546033553859648746e-02
-5.315251648481209124e+00 2.578589808712519055e-02
-5.292395291743337005e+00 2.635862192413221741e-02
-5.269580102504123786e+00 2.628644273174230578e-02
-5.246871023084710650e+00 2.663613497043520323e-02
-5.224236709747991370e+00 2.699510322713255181e-02
-5.201661583901602270e+00 2.718213384321625098e-02
-5.179179904015192903e+00 2.738691511983861945e-02
-5.156732482598435752e+00 2.775513670068483971e-02
-5.134410832703020233e+00 2.788946846650210143e-02
-5.112221682402709355e+00 2.855653537429442973e-02
-5.090056024869307194e+00 2.877189526339764616e-02
-5.067962321745667076e+00 2.892025261544036926e-02
-5.045923808338639738e+00 2.910246204698576158e-02
-5.023928035179977769e+00 2.907627855377737172e-02
-5.002017909979099564e+00 2.956194587868401710e-02
-4.980150692487637976e+00 2.981632209285813712e-02
-4.958358519776287388e+00 3.015477010005440661e-02
-4.936667262824970592e+00 3.041646134853508848e-02
-4.915001876853576590e+00 3.043449126041797639e-02
-4.893444325394453287e+00 3.109670988446103929e-02
-4.871998799947345304e+00 3.129323724200331475e-02
-4.850566692691525184e+00 3.163673521712721814e-02
-4.829195100002911190e+00 3.151924918032367184e-02
-4.807874795189956529e+00 3.179334235353425964e-02
-4.786585235450150577e+00 3.223883296160252182e-02
-4.765389868906999560e+00 3.243981977342513812e-02
-4.744257950487355657e+00 3.285166714228202750e-02
-4.723152039735881047e+00 3.303798396262969811e-02
-4.702100865325345325e+00 3.310747040006052633e-02
-4.681078419587578310e+00 3.335274395501786754e-02
-4.660104260860190806e+00 3.312586014931100803e-02
-4.639209386359100407e+00 3.394248659156184900e-02
-4.618345509073927602e+00 3.391627502059998273e-02
-4.597523825242413764e+00 3.416529891207656378e-02
-4.576760650278702158e+00 3.444271280155590531e-02
-4.556013790729133817e+00 3.457676923517593454e-02
-4.535331302995448510e+00 3.479646262830993902e-02
-4.514727608882208365e+00 3.511613301142563898e-02
-4.494138336573530346e+00 3.541513580801332328e-02
-4.473603802517660988e+00 3.546254230188466278e-02
-4.453130733424280230e+00 3.571641484812392714e-02
-4.432664391040578522e+00 3.605843981129187859e-02
-4.412256065494569945e+00 3.611047800467485219e-02
-4.391909031219780601e+00 3.642471356238992375e-02
-4.371565271378520023e+00 3.663208673396282922e-02
-4.351272406323214881e+00 3.663180955872034211e-02
-4.331031218850062814e+00 3.705922692612399066e-02
-4.310791374381357954e+00 3.710528323709130771e-02
-4.290621511572428659e+00 3.749606720561912687e-02
-4.270521070215020032e+00 3.761577850733537759e-02
-4.250421399119975518e+00 3.786587666339421426e-02
-4.230395582457600057e+00 3.813465776190404916e-02
-4.210442849965527756e+00 3.834766116891722559e-02
-4.190490117473456344e+00 3.890366270927636538e-02
-4.170589349685542402e+00 3.905147311549496403e-02
-4.150741036369636205e+00 3.895342091932241929e-02
-4.130893212821575844e+00 3.904867695560203245e-02
-4.111113234061305022e+00 3.963057100213414341e-02
-4.091404301796099929e+00 3.969498860752958269e-02
-4.071698571238172804e+00 4.026906019379963148e-02
-4.052028340085080060e+00 3.998972382546979454e-02
-4.032397670642678733e+00 4.010260762464862294e-02
-4.012771063506132663e+00 4.079442995061332428e-02
-3.993209192756501658e+00 4.085936990429468729e-02
-3.973725565314133679e+00 4.126515288343373528e-02
-3.954255444792114549e+00 4.137268945454185970e-02
-3.934823090523033251e+00 4.153381599699360743e-02
-3.915442276373960695e+00 4.156465640999855438e-02
-3.896075236091959049e+00 4.219556076203603845e-02
-3.876748706708290637e+00 4.253000045725845168e-02
-3.857487342470952374e+00 4.256753755989005350e-02
-3.838250632481611024e+00 4.282014702391443578e-02
-3.819050808859410395e+00 4.315622333844637559e-02
-3.799926340756039522e+00 4.355614301900425506e-02
-3.780840341804358573e+00 4.363391599823249201e-02
-3.761779484437095533e+00 4.413168039402402126e-02
-3.742794218634676540e+00 4.459873061026378011e-02
-3.723859402812684571e+00 4.456572263142333928e-02
-3.704935791524484046e+00 4.519933058233069345e-02
-3.686086633089632691e+00 4.511526164015892265e-02
-3.667300722974338623e+00 4.611667705652802013e-02
-3.648514812859044554e+00 4.585883753902515042e-02
-3.629803454404267882e+00 4.638502504980114571e-02
-3.611171140271847158e+00 4.667833146098991637e-02
-3.592543318801264540e+00 4.716735133990521134e-02
-3.573966768347087264e+00 4.775400300824822475e-02
-3.555462571813205130e+00 4.750704575960253140e-02
-3.536979458183212355e+00 4.794325473182559777e-02
-3.518530606531862226e+00 4.853912798962517483e-02
-3.500158106092608357e+00 4.860859993790542233e-02
-3.481827694886809432e+00 4.923426784416447266e-02
-3.463508340667470264e+00 4.918364272472552229e-02
-3.445257360664398583e+00 4.985424107854343617e-02
-3.427063697891135519e+00 4.996502828094141063e-02
-3.408870035117872455e+00 5.063061031084446773e-02
-3.390744480747515333e+00 5.084294598775792456e-02
-3.372699056017058883e+00 5.107275647295161924e-02
-3.354665652523597608e+00 5.160475532737934801e-02
-3.336685105914767302e+00 5.217574820794699392e-02
-3.318808442292055183e+00 5.283121004107927537e-02
-3.300982804770829837e+00 5.287503736557710998e-02
-3.283166888013794527e+00 5.404017794629568938e-02
-3.265426499883044897e+00 5.395195305945696407e-02
-3.247751919614390914e+00 5.446646315597561405e-02
-3.230077339345736931e+00 5.468924072354431482e-02
-3.212468344987180480e+00 5.505005642645158931e-02
-3.194950479386805320e+00 5.579769272621011578e-02
-3.177458156634514364e+00 5.631399065461229619e-02
-3.159986900641198027e+00 5.687706945015494342e-02
-3.142592198277170290e+00 5.722216788641404372e-02
-3.125252982783456090e+00 5.729155539707946054e-02
-3.107913767289742335e+00 5.774843160366713996e-02
-3.090635577283137536e+00 5.838377880758384431e-02
-3.073433644573555501e+00 5.843544411826945284e-02
-3.056246943673887273e+00 5.938094262289322217e-02
-3.039082563364042144e+00 5.973793503961908474e-02
-3.021993977287657618e+00 6.018910230548676910e-02
-3.004958864854911482e+00 6.020469509954640142e-02
-2.987923752422165347e+00 6.058809438885774667e-02
-2.970944206859367664e+00 6.135433008070989569e-02
-2.954038014527088585e+00 6.158533414831111191e-02
-2.937149608555380098e+00 6.221816474332855090e-02
-2.920275874935919891e+00 6.256186855737565222e-02
-2.903479431436355895e+00 6.330179762656255871e-02
-2.886745605704438500e+00 6.376213019625913414e-02
-2.870011779972521104e+00 6.370143726110497062e-02
-2.853318965439545440e+00 6.415033426539955286e-02
-2.836695757189754197e+00 6.463223121264020932e-02
-2.820101144024206974e+00 6.571597898190829901e-02
-2.803506530858659307e+00 6.556626925530760486e-02
-2.786987169231289307e+00 6.619391344962055612e-02
-2.770546330756123332e+00 6.670600243106665495e-02
-2.754108763894983714e+00 6.723641852449603606e-02
-2.737693503202646816e+00 6.770629714165608826e-02
-2.721354426441432217e+00 6.869255175056886153e-02
-2.705069227442535862e+00 6.829149739437631594e-02
-2.688784028443640395e+00 6.963186326902605361e-02
-2.672549845893428255e+00 6.907930549476859472e-02
-2.656401700845043123e+00 7.030371641988156228e-02
-2.640288576849799895e+00 7.093984384018121869e-02
-2.624175452854556667e+00 7.180288256588343576e-02
-2.608134735902670975e+00 7.205873737367182730e-02
-2.592178843747250827e+00 7.235032941331255574e-02
-2.576235369344938686e+00 7.352243905067554208e-02
-2.560297414134137473e+00 7.418141353707739805e-02
-2.544433573000182136e+00 7.418865819216870217e-02
-2.528638326751561749e+00 7.500674451994991665e-02
-2.512843080502941362e+00 7.506906548567418569e-02
-2.497070970488834973e+00 7.609027526306424982e-02
-2.481387891899382137e+00 7.675639834342407042e-02
-2.465770708500068409e+00 7.690347191880815558e-02
-2.450153525100755125e+00 7.793298694651418224e-02
-2.434570724737219916e+00 7.899919806032017211e-02
-2.419073503288283522e+00 7.915770108302658259e-02
-2.403627477718167871e+00 7.995887805530499381e-02
-2.388181452148052220e+00 8.059617791961734556e-02
-2.372781881117031588e+00 8.150421776960141418e-02
-2.357475048102154691e+00 8.178870766784343549e-02
-2.342214498564326952e+00 8.275115662576310038e-02
-2.326953949026499657e+00 8.373203545734991815e-02
-2.311749633528401571e+00 8.427738050581268237e-02
-2.296647068912839096e+00 8.544586690678374064e-02
-2.281590021140082580e+00 8.599378308028829410e-02
-2.266532973367326065e+00 8.633726840875992348e-02
-2.251530657057303486e+00 8.763644015960822542e-02
-2.236627664091621170e+00 8.824447984548543233e-02
-2.221769263007543849e+00 8.942647109074672307e-02
-2.206910861923466083e+00 9.031401611833193843e-02
-2.192099191487808962e+00 9.103914539238013026e-02
-2.177381750555761109e+00 9.138264609202143007e-02
-2.162711808478902764e+00 9.244029341732577787e-02
-2.148041866402044420e+00 9.351711259747796934e-02
-2.133414313993789779e+00 9.496808672791727524e-02
-2.118895813848599818e+00 9.581610263327337840e-02
-2.104443976297870833e+00 9.604423106250492559e-02
-2.089992138747142292e+00 9.742056987964309300e-02
-2.075563406762065188e+00 9.826781104715323623e-02
-2.061239934398171769e+00 9.941473425032092137e-02
-2.046998616089809708e+00 1.005261569892300089e-01
-2.032757297781447647e+00 1.016134422155529904e-01
-2.018515979473086031e+00 1.022179771900223050e-01
-2.004380723509175510e+00 1.035819958307812455e-01
-1.990352744204153979e+00 1.050224339674086654e-01
-1.976325979213569894e+00 1.053165146055897311e-01
-1.962299214222985810e+00 1.066510168954989540e-01
-1.948344765832679570e+00 1.072174124632017667e-01
-1.934494649914915598e+00 1.087194961719275405e-01
-1.920676549869416272e+00 1.100221354595850021e-01
-1.906858449823916946e+00 1.111325449912465568e-01
-1.893075043392724588e+00 1.120798103446792315e-01
-1.879395908013759442e+00 1.130042214936168438e-01
-1.865786350072715205e+00 1.139789500672792749e-01
-1.852176792131671190e+00 1.158331157285952817e-01
-1.838567234190627175e+00 1.170363142506164605e-01
-1.825059090272592277e+00 1.184188379590661727e-01
-1.811662944296682953e+00 1.183913210574342179e-01
-1.798277382239890088e+00 1.206827358571971182e-01
-1.784891820183097444e+00 1.222550923193778255e-01
-1.771546970743905325e+00 1.224807006911940999e-01
-1.758302848519490702e+00 1.240484981039735174e-01
-1.745118740892253051e+00 1.248543926173120294e-01
-1.731934633265015622e+00 1.264021841385079004e-01
-1.718750525637778193e+00 1.283067024957574853e-01
-1.705655419222983582e+00 1.288589550003777506e-01
-1.692667016828880211e+00 1.302852335615600210e-01
-1.679696317243024595e+00 1.316175633935465772e-01
-1.666725617657168979e+00 1.328499082562292766e-01
-1.653773855274824012e+00 1.344676705168829089e-01
-1.640922390806047293e+00 1.355619858466779459e-01
-1.628152287047328617e+00 1.364453968363684155e-01
-1.615382183288609941e+00 1.382379135952422622e-01
-1.602612079529891265e+00 1.397404464142757985e-01
-1.589888995745669664e+00 1.410803682313480079e-01
-1.577265836340724370e+00 1.413045618387641644e-01
-1.564695581340558750e+00 1.434562186667074635e-01
-1.552125326340393130e+00 1.445873611932312897e-01
-1.539555071340227288e+00 1.464966303369134026e-01
-1.527050972644417248e+00 1.477899693652661717e-01
-1.514644552159469804e+00 1.487827850328965751e-01
-1.502269653581029152e+00 1.504469400859174966e-01
-1.489894755002588500e+00 1.510479551126608089e-01
-1.477519856424148070e+00 1.530290319549936495e-01
-1.465227605482243955e+00 1.554565248787083409e-01
-1.453037596682296151e+00 1.565926047280797873e-01
-1.440867182387768564e+00 1.569520830411616774e-01
-1.428696768093240976e+00 1.594119417834717889e-01
-1.416526353798713167e+00 1.599062244639505026e-01
-1.404436417441915719e+00 1.622341059865474167e-01
-1.392440320976516599e+00 1.634187190814372359e-01
-1.380457586464785669e+00 1.649495674851972626e-01
-1.368474851953054738e+00 1.657410708762430684e-01
-1.356492117441323586e+00 1.680347355629684403e-01
-1.344594267114668007e+00 1.707935247438356618e-01
-1.332798770131279120e+00 1.709724904615863572e-01
-1.321020742306081353e+00 1.734997068548465582e-01
-1.309242714480883363e+00 1.732290758080004822e-01
-1.297464686655685373e+00 1.769024942819758250e-01
-1.285751088572283374e+00 1.766166853861700636e-01
-1.274127772804142467e+00 1.798265030026110489e-01
-1.262530309609466883e+00 1.807116642510358528e-01
-1.250932846414791300e+00 1.819646322282700568e-01
-1.239335383220115494e+00 1.844988610080061930e-01
-1.227786058043801809e+00 1.850121509872922065e-01
-1.216329605630987354e+00 1.873636105681134867e-01
-1.204917887963310008e+00 1.895762485543864839e-01
-1.193506170295632884e+00 1.899185502230459066e-01
-1.182094452627955761e+00 1.921955409230247103e-01
-1.170703475729546916e+00 1.929709264679803082e-01
-1.159399486258428702e+00 1.945355630004582115e-01
-1.148161743445332394e+00 1.967546474211209484e-01
-1.136924000632236309e+00 1.993115999584758880e-01
-1.125686257819140224e+00 2.002751497727048025e-01
-1.114448515006043916e+00 2.016280126431989062e-01
-1.103290377550290913e+00 2.039205740374480658e-01
-1.092223030208657963e+00 2.052404582136089506e-01
-1.081166867623802208e+00 2.080584567516076400e-01
-1.070110705038946008e+00 2.088173660870666914e-01
-1.059054542454090697e+00 2.104256320531028845e-01
-1.048036213940718220e+00 2.120934205034959441e-01
-1.037106464415520346e+00 2.144296591414290853e-01
-1.026227459807014242e+00 2.149998514727338994e-01
-1.015348455198508137e+00 2.175549450681734942e-01
-1.004469450590002255e+00 2.210364216704176210e-01
-9.935904459814963730e-01 2.216037414962570284e-01
-9.827878900651112470e-01 2.224974261492850269e-01
-9.720713578272356381e-01 2.258694924427820938e-01
-9.613644005757486788e-01 2.268501632116616262e-01
-9.506574433242618305e-01 2.280424370481944629e-01
-9.399504860727745381e-01 2.304751426608330211e-01
-9.292648951353865705e-01 2.330470064905307004e-01
-9.186610831291218693e-01 2.333480084715985892e-01
-9.081176837398807766e-01 2.362882366518453681e-01
-8.975742843506393509e-01 2.382770401890988987e-01
-8.870308849613979252e-01 2.396671279073878946e-01
-8.764874855721568325e-01 2.409490318267207554e-01
-8.659876638995762654e-01 2.439974512602507417e-01
-8.555675749379075823e-01 2.454813857636784502e-01
-8.451836409704908126e-01 2.463932511539738412e-01
-8.347997070030743760e-01 2.487165517523688141e-01
-8.244157730356580505e-01 2.510729563747967075e-01
-8.140318390682412808e-01 2.525430759891837962e-01
-8.037050714857585376e-01 2.546989118354772152e-01
-7.934551337017863304e-01 2.563592045575399103e-01
-7.832248593313902996e-01 2.578071129384396643e-01
-7.729945849609940467e-01 2.596231077326544567e-01
-7.627643105905976828e-01 2.625067058583670510e-01
-7.525340362202017630e-01 2.632734252752815807e-01
-7.423683449192723938e-01 2.650575499884768038e-01
-7.322782398311532548e-01 2.675105024012203181e-01
-7.221991378863779065e-01 2.693320312537533234e-01
-7.121200359416027803e-01 2.710217899339876224e-01
-7.020409339968276541e-01 2.738261692482052978e-01
-6.919618320520521948e-01 2.754988753178903016e-01
-6.819486722305845294e-01 2.768472007513684274e-01
-6.720107495650535778e-01 2.809993085806228863e-01
-6.620821219321511020e-01 2.805413525399423347e-01
-6.521534942992481820e-01 2.843183095763504586e-01
-6.422248666663452621e-01 2.849131803095852344e-01
-6.322962390334426752e-01 2.855568367378928385e-01
-6.224208841770489942e-01 2.890616752037171722e-01
-6.126114703777202353e-01 2.913611075770469183e-01
-6.028147248589478258e-01 2.919799355325534695e-01
-5.930179793401757493e-01 2.937104209236162666e-01
-5.832212338214036729e-01 2.952718450690626217e-01
-5.734244883026312634e-01 2.975908549848010898e-01
-5.636676146048442693e-01 2.985681732681638167e-01
-5.539713715234599878e-01 3.009749216608846312e-01
-5.442958872374926704e-01 3.014044867221182256e-01
-5.346204029515251310e-01 3.035620014658823584e-01
-5.249449186655574806e-01 3.062508203643530824e-01
-5.152694343795902743e-01 3.088508194193589906e-01
-5.056197648316742566e-01 3.104817465593013859e-01
-4.960300915857283055e-01 3.115845682331626065e-01
-4.864745999037011770e-01 3.137201202988296744e-01
-4.769191082216744371e-01 3.144821166714396599e-01
-4.673636165396476971e-01 3.160535297917120290e-01
-4.578081248576205686e-01 3.188202634020513293e-01
-4.482591260027568580e-01 3.196732982033147485e-01
-4.387621838233738414e-01 3.215420564650460777e-01
-4.293108054923079342e-01 3.211981912756132207e-01
-4.198594271612416939e-01 3.244219274263342445e-01
-4.104080488301754537e-01 3.261065362148412028e-01
-4.009566704991092689e-01 3.281912189256389056e-01
-3.915052921680433617e-01 3.288095149873900835e-01
-3.820935840908733505e-01 3.322949937596320624e-01
-3.727347894247287075e-01 3.323406057955987647e-01
-3.633892379157137587e-01 3.347197457509616947e-01
-3.540436864066991429e-01 3.358533064605682683e-01
-3.446981348976845272e-01 3.371607466890009785e-01
-3.353525833886695784e-01 3.388126021183062719e-01
-3.260196823421761536e-01 3.400894344462120356e-01
-3.167285975165984868e-01 3.422448120099969016e-01
-3.074666784494147764e-01 3.441663225382898261e-01
-2.982047593822306775e-01 3.445189087546336459e-01
-2.889428403150465785e-01 3.445189087546336459e-01
-2.796809212478628126e-01 3.447820831553758958e-01
-2.704190021806790467e-01 3.478608862406698532e-01
-2.611876755366780989e-01 3.508330745709825615e-01
-2.519947278749334885e-01 3.507117310183203163e-01
-2.428095667722624806e-01 3.519705548833532149e-01
-2.336244056695914728e-01 3.528109048688902738e-01
-2.244392445669201597e-01 3.537703327876273174e-01
-2.152540834642488465e-01 3.553625748655312444e-01
-2.060762712068046065e-01 3.555538693558439878e-01
-1.969294224840615337e-01 3.574030725408944842e-01
-1.878061884507925272e-01 3.590300997492134605e-01
-1.786829544175235207e-01 3.587629247550061518e-01
-1.695597203842548195e-01 3.607615992309350372e-01
-1.604364863509861183e-01 3.602837670297305839e-01
-1.513132523177170841e-01 3.620837729201983324e-01
-1.422025080210880255e-01 3.619117934422732552e-01
-1.331114936016131733e-01 3.623407819174266908e-01
-1.240277193226522190e-01 3.640643221022614728e-01
-1.149439450436909455e-01 3.627639265136844982e-01
-1.058601707647296719e-01 3.648572881952965030e-01
-9.677639648576871756e-02 3.664070982817101418e-01
-8.769262293637479500e-02 3.670281133322557121e-01
-7.862479400648400563e-02 3.674096594599211563e-01
-6.957290896652959522e-02 3.672698405167493241e-01
-6.052102392657551788e-02 3.685748173197124777e-01
-5.146913888662143360e-02 3.681398250520411253e-01
-4.241725384666703708e-02 3.685869004382328340e-01
-3.336536880671264055e-02 3.668710976047405148e-01
-2.431595401251741145e-02 3.694893875057362331e-01
-1.527372670143408925e-02 3.696261440094947837e-01
-6.236216627703507383e-03 3.696261440094946726e-01
2.801293446027076223e-03 3.692734473071956347e-01
1.183880351975734324e-02 3.685421203215716868e-01
2.087631359348761026e-02 3.704698498463672163e-01
2.991382366721819300e-02 3.705977888462207992e-01
3.895032894980948041e-02 3.711263701631571377e-01
4.798534948262005162e-02 3.693550433035585057e-01
5.701989005678950728e-02 3.702336159254426273e-01
6.605443063095928213e-02 3.699776538229969658e-01
7.508897120512904311e-02 3.698237306667956359e-01
8.412351177929849877e-02 3.705743222375080803e-01
9.315813174138398711e-02 3.684094645605807683e-01
1.022031924907119693e-01 3.697422185334144906e-01
1.112586146393661074e-01 3.673282642592624048e-01
1.203140367880199124e-01 3.666311681000613554e-01
1.293694589366737313e-01 3.688950051319790924e-01
1.384248810853278555e-01 3.676336752003084851e-01
1.474803032339820075e-01 3.676509300557359583e-01
1.565423177355750872e-01 3.642614354099113494e-01
1.656229628569315659e-01 3.669622852300296612e-01
1.747156462451124881e-01 3.637763445386772432e-01
1.838083296332933825e-01 3.635065534445323654e-01
1.929010130214742769e-01 3.644843313589780087e-01
2.019936964096548659e-01 3.620751140724448036e-01
2.110863797978354550e-01 3.592930008149763377e-01
2.202041746815581180e-01 3.580132087345450076e-01
2.293564940521999884e-01 3.588295171804639638e-01
2.385182264142189368e-01 3.563770606894919313e-01
2.476799587762378851e-01 3.557989085681555474e-01
2.568416911382571666e-01 3.548080342835449041e-01
2.660034235002763925e-01 3.527103141973684797e-01
2.751712438970786434e-01 3.518691786682887623e-01
2.843794350743698018e-01 3.500821346056672834e-01
2.936219089973667873e-01 3.490745580544531435e-01
3.028643829203637727e-01 3.478370647063223631e-01
3.121068568433604806e-01 3.479773815750544230e-01
3.213493307663571885e-01 3.453164327636092379e-01
3.305918046893541740e-01 3.422666540750393116e-01
3.398698577654127861e-01 3.413444048241465745e-01
3.492042332537925731e-01 3.398991462083057469e-01
3.585593520014325186e-01 3.359474326066422822e-01
3.679144707490727417e-01 3.351908281004938872e-01
3.772695894967129648e-01 3.331899181703336099e-01
3.866247082443529104e-01 3.303271805908095660e-01
3.959920887731153694e-01 3.289887581051794685e-01
4.054236323483518811e-01 3.283040263676029191e-01
4.149070771889395992e-01 3.258474427746546054e-01
4.243905220295269842e-01 3.234617063276059024e-01
4.338739668701143137e-01 3.197529406215300352e-01
4.433574117107019763e-01 3.181745321158023776e-01
4.528408565512896944e-01 3.165219812481128159e-01
4.623920256615280389e-01 3.140076649893011052e-01
4.720240447558297081e-01 3.106404242156061701e-01
4.816691895645441313e-01 3.092844958952592482e-01
4.913143343732584989e-01 3.062194822965738084e-01
5.009594791819724779e-01 3.044844772415249978e-01
5.106046239906866235e-01 3.013530442149365829e-01
5.203046285212344912e-01 2.994579729068958529e-01
5.300975025396068574e-01 2.963206374825960165e-01
5.399283863239704440e-01 2.927763223666695613e-01
5.497592701083340305e-01 2.901919921520685341e-01
5.595901538926978391e-01 2.890094941941003803e-01
5.694210376770616477e-01 2.845719480937839441e-01
5.793027761818048127e-01 2.828818150826206690e-01
5.892946352664738541e-01 2.794043592718702951e-01
5.993457602106890825e-01 2.759314893002270397e-01
6.093968851549045329e-01 2.730571219870809307e-01
6.194480100991195393e-01 2.699604536865108928e-01
6.294991350433345456e-01 2.664005287827047042e-01
6.396076916077978458e-01 2.628110840240814872e-01
6.498391760821879970e-01 2.613129456732873335e-01
6.601361568462563723e-01 2.573615446818648400e-01
6.704331376103247475e-01 2.548517070321353883e-01
6.807301183743935669e-01 2.519230572957775194e-01
6.910270991384623862e-01 2.475285652561373673e-01
7.014140994116588868e-01 2.446082643962981806e-01
7.119473026465288346e-01 2.413383395505845630e-01
7.225366893339446595e-01 2.360810119410275687e-01
7.331260760213605954e-01 2.348917315443696807e-01
7.437154627087760872e-01 2.306923618063005388e-01
7.543048493961916900e-01 2.271997728498380831e-01
7.650415666311261020e-01 2.244354006731018869e-01
7.759374204138395070e-01 2.204987181351405756e-01
7.868450801968132069e-01 2.169920081019251767e-01
7.977527399797870178e-01 2.138333906087442060e-01
8.086603997627610507e-01 2.094500030672105106e-01
8.196390581912935680e-01 2.074541191305319665e-01
8.307943595401428016e-01 2.045273951213834041e-01
8.420553051637500452e-01 1.991368065306202695e-01
8.533162507873570668e-01 1.956388209868861472e-01
8.645771964109645324e-01 1.925390591048269373e-01
8.758486332217301218e-01 1.897102051523349431e-01
8.873243657290026398e-01 1.844117720295906371e-01
8.989939027456241849e-01 1.818141968252799112e-01
9.106634397622461741e-01 1.782820301299544163e-01
9.223329767788680522e-01 1.751729736225419165e-01
9.340025137954895973e-01 1.714118454014881832e-01
9.458664330718487001e-01 1.678174777718300370e-01
9.579492228656822927e-01 1.644413791043505546e-01
9.700565009172522624e-01 1.608588232387574979e-01
9.821637789688217879e-01 1.569536308579059236e-01
9.942710570203914244e-01 1.533181626037966594e-01
1.006599211787981840e+00 1.497662889326976110e-01
1.019169674017649241e+00 1.462845978401549896e-01
1.031761566993372181e+00 1.439219665775484380e-01
1.044353459969095343e+00 1.396756828691963215e-01
1.056980549099629352e+00 1.361387842836816742e-01
1.069885813707439404e+00 1.322740804188565211e-01
1.083034057637714653e+00 1.297951372099589995e-01
1.096182301567989459e+00 1.248420042786359818e-01
1.109330545498265153e+00 1.216809357572118250e-01
1.122637146386614049e+00 1.191936520192233701e-01
1.136234862371130472e+00 1.157211495984311334e-01
1.149965336493741663e+00 1.120762008112887176e-01
1.163695810616353077e+00 1.090730725411498681e-01
1.177478750355283044e+00 1.059837487481918306e-01
1.191598594450030912e+00 1.028546087332753017e-01
1.206002877284279240e+00 9.884429973942918113e-02
1.220407160118528012e+00 9.556619484914410934e-02
1.234811442952776783e+00 9.224470008605581417e-02
1.249553177449880481e+00 8.992009652354610028e-02
1.264641811492693613e+00 8.730206634785588060e-02
1.279739893418361252e+00 8.345844897409121499e-02
1.294837975344029335e+00 8.081117561865590326e-02
1.310321802226682486e+00 7.787013017662720860e-02
1.326198436772198175e+00 7.482514814967318462e-02
1.342082134023590667e+00 7.203238684870297281e-02
1.358046172312889155e+00 6.957070306280811745e-02
1.374436063222590709e+00 6.629004743191377336e-02
1.391171465714789779e+00 6.397739764544382868e-02
1.407906868206989293e+00 6.130902740332815765e-02
1.424914127520290563e+00 5.856238491188155842e-02
1.442383451834233332e+00 5.628068723601806905e-02
1.460042984327716509e+00 5.335556733156357478e-02
1.477791444757299510e+00 5.092971607591313676e-02
1.496043888988944470e+00 4.882231794480106080e-02
1.514711389086551563e+00 4.610201529396797115e-02
1.533378889184158433e+00 4.423044707019017224e-02
1.552577234006967899e+00 4.161584402653566855e-02
1.572335083255272714e+00 3.947370792033232795e-02
1.592121592203870062e+00 3.756268359066505802e-02
1.612435881131593973e+00 3.559057660327358263e-02
1.633334229061373044e+00 3.362175101423093421e-02
1.654306849623378373e+00 3.129970350739775392e-02
1.675916235157377976e+00 2.972299966526830567e-02
1.698144392054073970e+00 2.793332136738126484e-02
1.720599932081177785e+00 2.615954724528158498e-02
1.743771379950511680e+00 2.432246056186548183e-02
1.767431352531667388e+00 2.276458153755417033e-02
1.791677883690625972e+00 2.114366377948972281e-02
1.816685180771373087e+00 1.968892988431064639e-02
1.842182743133498946e+00 1.819896800793705319e-02
1.868515821941149513e+00 1.682801869655854363e-02
1.895492570173729519e+00 1.536384737178346505e-02
1.923393189489751354e+00 1.416471397937275715e-02
1.952125490970921806e+00 1.288108254177391769e-02
1.981770799084344503e+00 1.195178703885819115e-02
2.012362021006515622e+00 1.077577380646623298e-02
2.044012795427491813e+00 9.834847242789596447e-03
2.076892589017660384e+00 8.781167679367972781e-03
2.110859506432777977e+00 7.957522882825271079e-03
2.146235794573160049e+00 7.084378972786785703e-03
2.182759346696394154e+00 6.448850353636204416e-03
2.221001159770688016e+00 5.565069730042595565e-03
2.261062926826140629e+00 5.024036694110699426e-03
2.302786879762857453e+00 4.281576479117442380e-03
2.346723507003957820e+00 3.823988599725060365e-03
2.392935784998772242e+00 3.235452791719024748e-03
2.441413541255714748e+00 2.847430589301048250e-03
2.492529427729871738e+00 2.378495377642390451e-03
2.546536871807147939e+00 2.060489004578000289e-03
2.603933548499806072e+00 1.717173349354153685e-03
2.664864622977222375e+00 1.461792949540017096e-03
2.729408600761838777e+00 1.248343527520836107e-03
2.798272465721021618e+00 1.015814896875798755e-03
2.871453088396914044e+00 8.673259261532795640e-04
2.948849878538489122e+00 7.251890549509618566e-04
3.031303795515666977e+00 6.079707542543835545e-04
3.118856081827575899e+00 5.301613366256044749e-04
3.210765584570749898e+00 4.566746690557186628e-04
3.307125980126208731e+00 3.972205593395952521e-04
3.407881902360720972e+00 3.566514637446526891e-04
3.513305026223163985e+00 3.084014729272342432e-04
3.622567362526694978e+00 2.914020962657070074e-04
3.734669014870421577e+00 2.638829843201623846e-04
3.850150399163053017e+00 2.420728036306724746e-04
3.969793548238206071e+00 2.213134808451835218e-04
4.093189728312986553e+00 2.030752349480123152e-04
4.219136676436107791e+00 1.943740618390193172e-04
4.347867331476940933e+00 1.800067150828832310e-04
4.480783717990579618e+00 1.610426681338994644e-04
4.616826735757548761e+00 1.592898490478711392e-04
4.755164707132706781e+00 1.457327121600255921e-04
4.896811796423214957e+00 1.385015293105579975e-04
5.041419456039378133e+00 1.292334281097162166e-04
5.190479262521726866e+00 1.177530921861192210e-04
5.344123578806030395e+00 1.090168514026092092e-04
5.499939953500360801e+00 1.075896992692811945e-04
5.659263009508721964e+00 9.679190977331981896e-05
5.823587905500668960e+00 8.797719356016617405e-05
5.992157074003037209e+00 8.365086745249006100e-05
6.166011963320631395e+00 7.618923341200784633e-05
6.343796616775835950e+00 7.401978977558661490e-05
6.521581326726371586e+00 7.530634369644977305e-05
6.705173284514838628e+00 6.103820680575341073e-05
6.895824052530796777e+00 6.164867844965252696e-05
7.088002323795874915e+00 5.748602215037585810e-05
7.284056615475509311e+00 5.429519243335909773e-05
7.484566329849225319e+00 5.131963286447422632e-05
7.691188343134404803e+00 4.626511163975475106e-05
7.902909881025462546e+00 4.429317963942242133e-05
8.118205993221307537e+00 4.159910962245380036e-05
8.337345436361706774e+00 3.990569294714581559e-05
8.564057007060798199e+00 3.434682715914465830e-05
8.797365970347623687e+00 3.490162925258266077e-05
9.035666881984646182e+00 2.953480094097326895e-05
9.283845342338743478e+00 2.698864282618252582e-05
9.540549124237291068e+00 2.544088336813486335e-05
9.801069574677617524e+00 2.493925598161119580e-05
1.006782445392876468e+01 2.204523070619613775e-05
1.034088820567597189e+01 2.218655932870444020e-05
1.061807816180423458e+01 2.011977489987932158e-05
1.090378130020474146e+01 1.813997663361393648e-05
1.120048741739637244e+01 1.603040701697550657e-05
1.150949290025183203e+01 1.478756165742919141e-05
1.182804075017815926e+01 1.362618921579778945e-05
1.215350124588156788e+01 1.283459664459812386e-05
1.247092934769804984e+01 1.582124495075162742e-05
1.279308732678769545e+01 1.173626787688319587e-05
1.313829792166967891e+01 1.060118867090895785e-05
1.349610812094277534e+01 9.718313469758123530e-06
1.385800875686244638e+01 1.001377758211764435e-05
1.424244634531155285e+01 6.924308651673049911e-06
1.464531928820891515e+01 7.629402049291749785e-06
1.505495475986021070e+01 6.369097157611381069e-06
1.547865726635900785e+01 6.206726582068689589e-06
1.590606187472849697e+01 5.931744946394579801e-06
1.635974307412877238e+01 4.445617294811344588e-06
1.682224017318939602e+01 5.453077008754694460e-06
1.729456859478241881e+01 3.956002180195026558e-06
1.778473788391425714e+01 4.402529390903628175e-06
1.828188783062338985e+01 3.756429391206644847e-06
1.880401932574046953e+01 3.314855131484417075e-06
1.933646407445392157e+01 3.258576215846597818e-06
1.987618624914559717e+01 3.141019073189240842e-06
2.047260856480792768e+01 1.911834192496451093e-06
2.106803119983410255e+01 3.066559624859038439e-06
2.162938922808242026e+01 2.624366187564106658e-06
2.221491023317470592e+01 2.448310163224784379e-06
2.285326063510157368e+01 1.600970896761613793e-06
2.357072919544959433e+01 1.267861582452104623e-06
2.428849985644885479e+01 1.622407058405163707e-06
2.505111518275141691e+01 1.058444231329496811e-06
2.586916885821725387e+01 1.258399677314729370e-06
2.668672788302419008e+01 9.295527402050731836e-07
2.759501350990100832e+01 7.683534329570668452e-07
2.856211235060034426e+01 7.665034617618231759e-07
2.951221624221823703e+01 7.131496822390228654e-07
3.058346183625489800e+01 4.165389999774397756e-07
3.182908021859910974e+01 4.478572284024000924e-07
3.311553698546599378e+01 4.387522998493526624e-07
3.446349687206059542e+01 3.425868111265461119e-07
3.584327626106622233e+01 3.831695747712436146e-07
3.737990892193113979e+01 2.351552965868929350e-07
3.917690821701734194e+01 2.176630602378240752e-07
4.126183926863640750e+01 1.492329792897035323e-07
4.351075723289865493e+01 1.637698366535094545e-07
4.611182166468140053e+01 8.831386977639628284e-08
4.937387653790847253e+01 5.776551126697624404e-08
5.319867871603283049e+01 3.780333871063089697e-08
5.755801763585299113e+01 2.726016761164359720e-08
6.235329458427865745e+01 1.873086129211711226e-08
6.772099201909244925e+01 8.180219975901795301e-09
7.357214087336765829e+01 5.232742586918913957e-09
7.862476313444165044e+01 0.000000000000000000e+00
8.275799594744870546e+01 3.780333871063090855e-09
8.689122876045578892e+01 0.000000000000000000e+00
9.102446157346284394e+01 0.000000000000000000e+00
9.515769438646992739e+01 0.000000000000000000e+00
9.929092719947698242e+01 0.000000000000000000e+00
1.034241600124840659e+02 0.000000000000000000e+00
1.075573928254911209e+02 0.000000000000000000e+00
1.116906256384982044e+02 0.000000000000000000e+00
1.158238584515052594e+02 3.780333871063090855e-09
1.199570912645123428e+02 0.000000000000000000e+00
1.240903240775193979e+02 0.000000000000000000e+00
1.282235568905264813e+02 0.000000000000000000e+00
1.323567897035335363e+02 0.000000000000000000e+00
1.364900225165406198e+02 0.000000000000000000e+00
1.406232553295476748e+02 0.000000000000000000e+00
1.447564881425547583e+02 0.000000000000000000e+00
1.488897209555618133e+02 0.000000000000000000e+00
1.530229537685688967e+02 0.000000000000000000e+00
1.571561865815759518e+02 0.000000000000000000e+00
1.612894193945830352e+02 0.000000000000000000e+00
1.654226522075900903e+02 0.000000000000000000e+00
1.695558850205971737e+02 0.000000000000000000e+00
1.736891178336042287e+02 0.000000000000000000e+00
1.778223506466113122e+02 0.000000000000000000e+00
1.819555834596183672e+02 0.000000000000000000e+00
1.860888162726254507e+02 0.000000000000000000e+00
1.902220490856325057e+02 0.000000000000000000e+00
1.943552818986395891e+02 0.000000000000000000e+00
1.984885147116466442e+02 0.000000000000000000e+00
