-1.213205262102272854e+02 0.000000000000000000e+00
-1.194662700045391119e+02 0.000000000000000000e+00
-1.176120137988509242e+02 0.000000000000000000e+00
-1.157577575931627507e+02 0.000000000000000000e+00
-1.139035013874745630e+02 0.000000000000000000e+00
-1.120492451817863895e+02 0.000000000000000000e+00
-1.101949889760982018e+02 0.000000000000000000e+00
-1.083407327704100283e+02 0.000000000000000000e+00
-1.064864765647218405e+02 0.000000000000000000e+00
-1.046322203590336670e+02 0.000000000000000000e+00
-1.027779641533454793e+02 0.000000000000000000e+00
-1.009237079476573058e+02 0.000000000000000000e+00
-9.906945174196911807e+01 0.000000000000000000e+00
-9.721519553628094457e+01 0.000000000000000000e+00
-9.536093933059275685e+01 0.000000000000000000e+00
-9.350668312490458334e+01 0.000000000000000000e+00
-9.165242691921639562e+01 0.000000000000000000e+00
-8.979817071352822211e+01 0.000000000000000000e+00
-8.794391450784003439e+01 0.000000000000000000e+00
-8.608965830215186088e+01 0.000000000000000000e+00
-8.423540209646367316e+01 0.000000000000000000e+00
-8.238114589077549965e+01 0.000000000000000000e+00
-8.052688968508731193e+01 0.000000000000000000e+00
-7.867263347939913842e+01 0.000000000000000000e+00
-7.681837727371095070e+01 8.426559367615040382e-09
-7.496412106802277719e+01 0.000000000000000000e+00
-7.310986486233458947e+01 0.000000000000000000e+00
-7.125560865664641597e+01 0.000000000000000000e+00
-6.940135245095822825e+01 0.000000000000000000e+00
-6.754709624527005474e+01 0.000000000000000000e+00
-5.721417060660031950e+01 5.814233167543884400e-09
-4.432575815284969423e+01 1.345971377964728308e-08
-3.858874678626341392e+01 2.425815567287395142e-08
-3.507045265447605686e+01 4.945020537217496641e-08
-3.302353573492931815e+01 6.984183460164644795e-08
-3.131338839566455690e+01 5.898591557330505768e-08
-2.994001063668177309e+01 1.225491140389881699e-07
-2.874142979793008124e+01 9.345950510224828072e-08
-2.775023762366673452e+01 2.943657711298690172e-07
-2.719486490623889097e+01 2.221481678989341057e-07
-2.665001325274045740e+01 2.395003823721751629e-07
-2.609907924805975199e+01 2.179596744696882491e-07
-2.552933559456969448e+01 3.477145346816579873e-07
-2.505928512956694476e+01 2.803936782321204184e-07
-2.461289293165437897e+01 2.796529321725097354e-07
-2.417638006609075774e+01 3.667469218688052671e-07
-2.378157091814427915e+01 3.438078439416479206e-07
-2.334885013019672684e+01 2.802040586335648000e-07
-2.291741928931402938e+01 3.462649060255378189e-07
-2.258658946552968416e+01 5.196824825267064303e-07
-2.227822536321160030e+01 4.449259272137455314e-07
-2.193147346282021459e+01 2.897811924338953545e-07
-2.157904480341279907e+01 4.294976845990768542e-07
-2.122604735459392344e+01 4.127291938133054202e-07
-2.090961924118105841e+01 7.373799086160478961e-07
-2.065543149292646063e+01 6.764154376205409786e-07
-2.039287447916316154e+01 9.224505939244364974e-07
-2.015683342721490590e+01 9.325348159371999712e-07
-1.996189733208333905e+01 1.158588608798485446e-06
-1.976146607185767579e+01 1.252621904090271399e-06
-1.954760556897082679e+01 1.231651028110671225e-06
-1.932968834025667348e+01 7.096832008169469726e-07
-1.911261462323172111e+01 8.762551408993341468e-07
-1.888664684374042224e+01 7.222950141363425208e-07
-1.868010164301704989e+01 1.605916711324074492e-06
-1.849454787336914308e+01 1.036489937870509281e-06
-1.829450778061526250e+01 9.951923973369163209e-07
-1.811595009819586011e+01 1.940244038551708927e-06
-1.794834622635477217e+01 1.372128788153761245e-06
-1.776658831766058455e+01 1.206449405050522728e-06
-1.756931518256046942e+01 9.526139078914825261e-07
-1.734380490452898016e+01 6.570883508247992983e-07
-1.712947707699040478e+01 1.391696349914854815e-06
-1.695275969310133846e+01 1.826129971247850690e-06
-1.677502709494516253e+01 1.134038880156363416e-06
-1.659615980601141771e+01 1.611411487033837903e-06
-1.643294902124707590e+01 1.934007185787496428e-06
-1.626802238413102231e+01 1.578548625111828782e-06
-1.611053669493885820e+01 2.556242153130665526e-06
-1.596029919476437442e+01 1.828967526864422028e-06
-1.580086196895627992e+01 1.514241427676972952e-06
-1.563903190787867103e+01 1.970850906179106017e-06
-1.548575217665358217e+01 2.533809320695095695e-06
-1.534171780131914886e+01 2.565677007089525008e-06
-1.519497799774132574e+01 2.037033399213192123e-06
-1.504192925352868926e+01 2.046655579565354405e-06
-1.489655393721870524e+01 2.716160980487249614e-06
-1.475046515395363933e+01 2.027705826718323157e-06
-1.460792867020735741e+01 3.221454892647415494e-06
-1.447836672482765508e+01 3.413542326234405806e-06
-1.435072956494083130e+01 3.687798955766447711e-06
-1.421953591685113949e+01 2.772049755143913076e-06
-1.408736715107579762e+01 3.147795501668940718e-06
-1.396457004297669968e+01 4.692770311630176177e-06
-1.384302645024370548e+01 3.457089398225707369e-06
-1.371549066956767859e+01 3.282562573952695434e-06
-1.359200841590817888e+01 4.353305092692484738e-06
-1.347263086052304715e+01 3.766292583192842017e-06
-1.336098958940397985e+01 6.373096596314434676e-06
-1.325230974964987674e+01 4.644290678315494371e-06
-1.313769793466749647e+01 4.898295212828919323e-06
-1.302020684064391531e+01 3.641393368091392380e-06
-1.290656858881451363e+01 6.125724384787543287e-06
-1.279857685551742108e+01 5.167506234675260203e-06
-1.269022660373049760e+01 5.070830558915790745e-06
-1.258152848815546498e+01 5.419948718398629261e-06
-1.247601102893993996e+01 6.466414802183778781e-06
-1.237449423896763179e+01 6.462482198903539754e-06
-1.227296227200406165e+01 6.772313747800058556e-06
-1.217281425385655069e+01 6.327206416149159688e-06
-1.206512117677105600e+01 5.091916781602665742e-06
-1.195632129462422100e+01 6.188524375463495719e-06
-1.185358902032060158e+01 6.580763053215704852e-06
-1.174707653293481258e+01 5.325699900996933802e-06
-1.164384519892618997e+01 7.021836368244941649e-06
-1.154767017596680745e+01 8.437791198320949643e-06
-1.145102017103332059e+01 6.796307777934175052e-06
-1.134908564763541250e+01 5.654211454787064972e-06
-1.124994529861612591e+01 8.543700361474689095e-06
-1.115716954765593272e+01 8.296667628407383463e-06
-1.106680518469718777e+01 9.892851927957371241e-06
-1.097610063661409541e+01 8.067865064039772202e-06
-1.088429810870606573e+01 8.963671619799449923e-06
-1.079142031835580795e+01 8.049727016079322034e-06
-1.069897150184834622e+01 8.353222168015998620e-06
-1.060619934491469607e+01 8.158535994809250008e-06
-1.051475272388705484e+01 9.503969925648674813e-06
-1.042607851878265990e+01 9.525984780076972630e-06
-1.033610218045405205e+01 9.402276353212756725e-06
-1.024821689253515089e+01 1.071553078942310559e-05
-1.016295000147734306e+01 1.090949052054218222e-05
-1.007401652010588577e+01 8.033001729460381702e-06
-9.984897677299777285e+00 1.104593703210562846e-05
-9.901091992982424372e+00 1.170857116784164934e-05
-9.820064107115143770e+00 1.398655595386021685e-05
-9.741200674686737671e+00 1.255426215857286233e-05
-9.660051799540179118e+00 1.098933856583760970e-05
-9.577990419203683103e+00 1.304766928368866329e-05
-9.497423024268410785e+00 1.236091597235774142e-05
-9.417070698888100111e+00 1.331378602636059996e-05
-9.337663276993325212e+00 1.305208804725942786e-05
-9.259705017358704993e+00 1.300285744077885382e-05
-9.178868014480244142e+00 1.069096575166315879e-05
-9.097273168264536025e+00 1.414624708948272429e-05
-9.020513334020293428e+00 1.477240166075940304e-05
-8.946083902459943005e+00 1.694661250095954149e-05
-8.870981416590339563e+00 1.328588369347301386e-05
-8.794693252518939630e+00 1.580305934668060628e-05
-8.720204279561594163e+00 1.694510159804569558e-05
-8.647332427159492241e+00 1.607550657546442848e-05
-8.576129613754993386e+00 1.933245795849257691e-05
-8.506966448542263137e+00 2.020702956860971500e-05
-8.436391591539500467e+00 1.533751002160890905e-05
-8.364473153129985405e+00 1.769955482769255579e-05
-8.291607912603369712e+00 1.515673165591839063e-05
-8.218014250717160962e+00 1.756029952693039328e-05
-8.147189300922038413e+00 1.933589458431161714e-05
-8.077571801803063778e+00 1.793991907343627196e-05
-8.007970767900024711e+00 2.162107144340115082e-05
-7.938741157945500504e+00 1.678780647426565494e-05
-7.869133132084709992e+00 1.935934506091109390e-05
-7.799672967497395248e+00 2.000628500321864473e-05
-7.731155171018070149e+00 1.897412056251862895e-05
-7.663053610109598957e+00 2.002127773564441618e-05
-7.597285736660470690e+00 2.659730534570010967e-05
-7.531978390797076095e+00 1.867919055236587361e-05
-7.463395966082266852e+00 2.003523490309362692e-05
-7.394930708403524733e+00 2.013246252558679674e-05
-7.328673949296132584e+00 2.259894500975347039e-05
-7.262295274082886110e+00 2.121289708926785017e-05
-7.196110381585922866e+00 2.346008704175885001e-05
-7.131970376695655034e+00 2.355690284740924692e-05
-7.069827109807818033e+00 3.016163891185381048e-05
-7.008456714363158646e+00 2.540042727016254305e-05
-6.946265599599306562e+00 2.585242974923486470e-05
-6.883941514634368097e+00 2.504174928924954931e-05
-6.823154783286889291e+00 3.010004015972180707e-05
-6.764586028857627831e+00 3.234998190406105484e-05
-6.707688075882440870e+00 3.553930982114246874e-05
-6.651445423229791487e+00 3.365005051847815877e-05
-6.594369749087794830e+00 3.206404525310191470e-05
-6.538080171808450913e+00 3.858231151570218803e-05
-6.481780370650465528e+00 3.150938211731950215e-05
-6.424135992352741908e+00 3.245842339221194893e-05
-6.368192945293671414e+00 3.955338986129930943e-05
-6.314946715781418973e+00 4.355810538021403442e-05
-6.262083035683740917e+00 3.865632421570580016e-05
-6.208844695145627313e+00 3.823753068282179681e-05
-6.155870818630122088e+00 4.288855843537051651e-05
-6.103237845525418592e+00 4.290610826826651619e-05
-6.050772624937938104e+00 4.346036495249287551e-05
-5.998987774017313868e+00 4.435501147985982604e-05
-5.947374630719905575e+00 4.404620856823306954e-05
-5.896050184493471846e+00 4.517152097853123526e-05
-5.845439649282694994e+00 5.144756255972530881e-05
-5.795192986407260882e+00 4.614588774238008781e-05
-5.746755483420303179e+00 5.772195161004770427e-05
-5.698249332921539789e+00 4.883643785573101346e-05
-5.649032070642629577e+00 5.119992335576064842e-05
-5.601288918083184853e+00 6.254886362045281858e-05
-5.553942104322588946e+00 5.270494146037882198e-05
-5.506576631710446534e+00 5.751256248696115731e-05
-5.459374539170557483e+00 5.702364178898589405e-05
-5.411952708574267135e+00 5.533296237318527751e-05
-5.365157091102007669e+00 6.060248820099395416e-05
-5.319132695593278726e+00 6.161810110404294905e-05
-5.272625883700271743e+00 5.869822458974478422e-05
-5.226586491495233133e+00 6.672183260980858656e-05
-5.181071221842366015e+00 6.139056659897470863e-05
-5.134833013039004967e+00 6.194962862162347737e-05
-5.089150984614223105e+00 6.047662618753129281e-05
-5.044955847393993942e+00 7.194676961045867345e-05
-5.000850476143012813e+00 7.049000298676076583e-05
-4.955406954702720412e+00 6.065501664935011943e-05
-4.911149119019807330e+00 7.737979331243464325e-05
-4.868636882322670445e+00 7.918818929047045235e-05
-4.826364484467782212e+00 7.491090542404177128e-05
-4.784478210705009005e+00 8.326315055568947595e-05
-4.742515793523954137e+00 8.466602514813789085e-05
-4.700697422883784782e+00 8.459226513115549373e-05
-4.659297023103846414e+00 7.653157333400297066e-05
-4.617755337757007084e+00 8.028672580021253022e-05
-4.576272387076881998e+00 8.624897018582797486e-05
-4.535433855230692757e+00 8.399422294575319028e-05
-4.494766902788118301e+00 8.850733011737184526e-05
-4.454080968057946066e+00 9.276915171990524035e-05
-4.413948165955524416e+00 8.979374579700207578e-05
-4.374919013527997613e+00 1.054311635346454344e-04
-4.336123606659853635e+00 9.365411993474814919e-05
-4.296899872871803083e+00 1.027313390651559327e-04
-4.258179186845314490e+00 1.059372816332197146e-04
-4.220328021589114798e+00 1.133283112280618734e-04
-4.183206881613012129e+00 1.114230028194293487e-04
-4.146163971191459297e+00 1.117111355525106240e-04
-4.108342563972286143e+00 1.032211884655563053e-04
-4.070607316927391750e+00 1.160119885330598908e-04
-4.033098282287326697e+00 1.052808909759938113e-04
-3.996077522581757080e+00 1.195735784344433033e-04
-3.960279020821904972e+00 1.310886167631756768e-04
-3.924860267495071220e+00 1.291911346367438011e-04
-3.889857997555563607e+00 1.365074742269148844e-04
-3.855474175330450670e+00 1.562502733092324268e-04
-3.821320126836375231e+00 1.351399615546640929e-04
-3.787217952212053262e+00 1.461856777399766182e-04
-3.753040932298157273e+00 1.450397610673625245e-04
-3.718455337371750602e+00 1.351560654757384022e-04
-3.683845912219561036e+00 1.375507986039474126e-04
-3.650389744538372394e+00 1.725098829764268630e-04
-3.617448416386820575e+00 1.521374578904068488e-04
-3.584163185807968333e+00 1.558058951175915290e-04
-3.551142812848297581e+00 1.598472134141789506e-04
-3.518684058772906909e+00 1.772731667227263992e-04
-3.486876352817518843e+00 1.788893558284726450e-04
-3.455281291993749448e+00 1.875230086626808836e-04
-3.423489423791604480e+00 1.585191697209824442e-04
-3.391759320082440077e+00 1.788674684420551726e-04
-3.360370849461976839e+00 1.935924493783282492e-04
-3.329280137550058249e+00 1.943867836706074164e-04
-3.298701745814725861e+00 1.970645233473060527e-04
-3.268592195808536438e+00 2.222545371869464454e-04
-3.238401493086946026e+00 1.954928346605761327e-04
-3.208169683551494344e+00 2.040412979712917854e-04
-3.178460798811672205e+00 2.227854952359624300e-04
-3.149377988924309868e+00 2.323264340642995434e-04
-3.120535867555461529e+00 2.297729865907351555e-04
-3.091710273750676308e+00 2.374604994340815138e-04
-3.062952773410750673e+00 2.357780644875115948e-04
-3.034256049204797634e+00 2.400935363612851725e-04
-3.005272964290778503e+00 2.284783941431558607e-04
-2.976710362397645859e+00 2.607536602942603105e-04
-2.948789860747994318e+00 2.568986446576052712e-04
-2.920890451443006519e+00 2.544233320613783263e-04
-2.893127886664569992e+00 2.583116501912590692e-04
-2.865595945160816171e+00 2.723789883741189175e-04
-2.838292484131449633e+00 2.643776538160413393e-04
-2.811306097165966467e+00 2.916604458035271328e-04
-2.784484269400113732e+00 2.908884980304602937e-04
-2.757708962505418526e+00 2.915063467371121369e-04
-2.731216289276896525e+00 3.149710058078068623e-04
-2.705154577418556805e+00 3.097015426796226019e-04
-2.679486717231617021e+00 3.449159853592313838e-04
-2.654280550881588319e+00 3.400021129270861951e-04
-2.629508807303081674e+00 3.703996308233139839e-04
-2.604944159823690875e+00 3.833887565534451316e-04
-2.580538878255469015e+00 3.739695113660850933e-04
-2.556134039219701393e+00 3.731955526980113209e-04
-2.531524276098687132e+00 3.582922802988751116e-04
-2.507295479197619859e+00 4.233663682533848698e-04
-2.483629150443307232e+00 3.952304984152788794e-04
-2.459790981996095471e+00 4.062891482791051935e-04
-2.435834108157678202e+00 3.781857600427367128e-04
-2.412114035395617861e+00 4.343036132564190950e-04
-2.388743244284459166e+00 4.328164834342533335e-04
-2.365678783472760838e+00 4.540345161570758718e-04
-2.342919178918382084e+00 4.486899781822077595e-04
-2.320459463492881014e+00 5.017908224978428425e-04
-2.298208888377575754e+00 4.995740409944901626e-04
-2.276187475111977054e+00 4.873408029474284964e-04
-2.254332293497164130e+00 5.595697961344389681e-04
-2.232612266420987979e+00 5.222777886974431030e-04
-2.210974633489631636e+00 5.117893949658614645e-04
-2.189614339373971319e+00 5.745015584910599790e-04
-2.168539695285521596e+00 5.895375642301298527e-04
-2.147576626401765054e+00 5.813890482075664921e-04
-2.126715527533239225e+00 6.013047990680541171e-04
-2.106034537403853157e+00 6.014920514409543813e-04
-2.085560923976073511e+00 6.441140292669481245e-04
-2.065346842529380389e+00 6.389724093435748993e-04
-2.045386978475717932e+00 6.809540834349901445e-04
-2.025636377392025622e+00 6.949127221602712564e-04
-2.006090208700352928e+00 7.560983769705539176e-04
-1.986753260963146417e+00 7.459556189437612297e-04
-1.967582507458667251e+00 7.463891065037412363e-04
-1.948369135610937164e+00 7.150569620127311329e-04
-1.929130812231936165e+00 7.720842200708816867e-04
-1.910116653656662278e+00 7.670084443654023431e-04
-1.891313894565877396e+00 8.118821778385294828e-04
-1.872763857972099544e+00 8.599281247938697203e-04
-1.854479897939515398e+00 8.594747775284966021e-04
-1.836339539827949841e+00 8.918601703606473174e-04
-1.818365887568268224e+00 8.850325065221141888e-04
-1.800586669070147083e+00 9.807055190834028987e-04
-1.783083396528408082e+00 1.014686120664815266e-03
-1.765753199494848102e+00 9.849802988296347487e-04
-1.748610720023639598e+00 1.062802240521363087e-03
-1.731600852796476797e+00 1.056372149178578428e-03
-1.714783379157555299e+00 1.119355512470953306e-03
-1.698165417489466034e+00 1.107145777243934712e-03
-1.681568006997804288e+00 1.196561546425760824e-03
-1.664993791085869645e+00 1.115906075705655129e-03
-1.648470862404694426e+00 1.125321353654113029e-03
-1.632169675616238269e+00 1.257097096007589237e-03
-1.616048705275632713e+00 1.247404751396942414e-03
-1.600096549274227620e+00 1.296857816175559430e-03
-1.584375771336748118e+00 1.335161833650956066e-03
-1.568748366766191671e+00 1.347449561685270473e-03
-1.553275547012764157e+00 1.391576843155742111e-03
-1.537926502434268095e+00 1.422116203283458171e-03
-1.522738625853031991e+00 1.499413519207218890e-03
-1.507811521692756784e+00 1.541687769760142915e-03
-1.492984021956181628e+00 1.630205727832568759e-03
-1.478229311089647391e+00 1.581451665902117078e-03
-1.463551545521027508e+00 1.582347585879581619e-03
-1.448906845092627460e+00 1.642059524811001914e-03
-1.434379707612939203e+00 1.686032361554198758e-03
-1.419941224369616783e+00 1.675210587731694369e-03
-1.405600810330740025e+00 1.748746452184499287e-03
-1.391455812546676274e+00 1.868639852856960031e-03
-1.377408161812979870e+00 1.844169569069460061e-03
-1.363503200443925145e+00 1.889222941652598858e-03
-1.349807629625663363e+00 1.991406898196115827e-03
-1.336178759993553511e+00 1.989113971427996022e-03
-1.322655148027048089e+00 2.107654140426223205e-03
-1.309267459356596941e+00 2.077558743209057847e-03
-1.295910436316594971e+00 2.173482063559818017e-03
-1.282641402758298854e+00 2.134931408808364399e-03
-1.269481244966808031e+00 2.163124111270108788e-03
-1.256341973460416206e+00 2.279664057891549449e-03
-1.243342247082930729e+00 2.312127210748740266e-03
-1.230518540709925723e+00 2.402298731056068306e-03
-1.217731309212494395e+00 2.397411042895304829e-03
-1.205103771993048412e+00 2.545297943597791233e-03
-1.192706215702457051e+00 2.590800796397559318e-03
-1.180378946062734302e+00 2.698539577069523042e-03
-1.168104818705532510e+00 2.633789322489717317e-03
-1.155941318717839117e+00 2.778835585113730369e-03
-1.143835303817132942e+00 2.839497578843674670e-03
-1.131767009915201960e+00 2.972894581821466670e-03
-1.119880396507329179e+00 2.971272530019159700e-03
-1.108137742594739183e+00 3.041795344211169899e-03
-1.096395088682149188e+00 3.156228589881525642e-03
-1.084748288032199692e+00 3.011116649895986298e-03
-1.073216474143253940e+00 3.186703595976909248e-03
-1.061703793752672320e+00 3.280350337085386099e-03
-1.050252612173433908e+00 3.437870114378545686e-03
-1.038958241649945657e+00 3.443369883343816006e-03
-1.027759183370864360e+00 3.468483602103953137e-03
-1.016560125091783284e+00 3.550800791373586243e-03
-1.005494438876016750e+00 3.654589910502980925e-03
-9.945848545480531211e-01 3.801890159070924879e-03
-9.836980000445775252e-01 3.791843639209163935e-03
-9.728481851583081763e-01 3.884294175628343407e-03
-9.621705320296989328e-01 4.086127425036693503e-03
-9.516280010415441026e-01 4.093537884639761142e-03
-9.410854700533890504e-01 4.197284319080084314e-03
-9.305903463710827328e-01 4.171066999693585041e-03
-9.201989499351945767e-01 4.320843684149510908e-03
-9.098638734398756256e-01 4.469004174368582452e-03
-8.995287969445566745e-01 4.465980490894911996e-03
-8.892945718447932135e-01 4.524036252700518006e-03
-8.792220982053116085e-01 4.716416420198556690e-03
-8.692105246305565913e-01 4.867803710985653572e-03
-8.591989510558013521e-01 4.952081171836538592e-03
-8.492944829398134665e-01 5.085871243448930774e-03
-8.395508142440348820e-01 5.142234770069474201e-03
-8.298608395096981338e-01 5.243821722253168803e-03
-8.201708647753613857e-01 5.500207839669795512e-03
-8.105557723467481379e-01 5.450613700345552370e-03
-8.010703857170973219e-01 5.535525741664664920e-03
-7.916398225806855482e-01 5.691269357263462406e-03
-7.822092594442735525e-01 5.827130809169023262e-03
-7.728217048132106637e-01 5.939293279026037521e-03
-7.635485053777648634e-01 5.924418322013101819e-03
-7.543466526325868227e-01 5.999131536736399678e-03
-7.451447998874090040e-01 6.216479070475846094e-03
-7.359515545997941111e-01 6.391446901469088893e-03
-7.268804936427846197e-01 6.361649595559485879e-03
-7.179230095588178262e-01 6.604114441675186346e-03
-7.089655254748509217e-01 6.790760042641454455e-03
-7.000080413908840171e-01 6.534340385239104966e-03
-6.911383427824476788e-01 6.963886920134247302e-03
-6.824042547509999723e-01 7.233044349035993789e-03
-6.737179918210105534e-01 7.117920042062844330e-03
-6.650317288910210234e-01 7.258227791186053213e-03
-6.563550043707453430e-01 7.404003350268643230e-03
-6.477890426255241696e-01 7.525706013208590534e-03
-6.393243052456436537e-01 7.568161553631797857e-03
-6.308595678657631378e-01 7.809973544735233052e-03
-6.223948304858826219e-01 7.902268197828713966e-03
-6.139757333105313464e-01 8.154487476072252994e-03
-6.056691814457464407e-01 8.080215930290686466e-03
-5.974295346869987755e-01 8.412071782860483168e-03
-5.891898879282511103e-01 8.396901229600366515e-03
-5.809502411695033341e-01 8.522058293997858067e-03
-5.727906169219669774e-01 8.901660916855434064e-03
-5.647650169376455809e-01 9.051666666725315460e-03
-5.567934187053276140e-01 9.353519561198574833e-03
-5.488218204730097582e-01 9.245714956029301226e-03
-5.408502222406916804e-01 9.288836798096854197e-03
-5.329337449341040589e-01 9.597977924488005838e-03
-5.251051887797602014e-01 9.442236991696776466e-03
-5.173094328519298735e-01 9.594563464074105930e-03
-5.095136769240998786e-01 1.002749133293646434e-02
-5.017179209962698838e-01 1.030408413804142012e-02
-4.939829983163936955e-01 1.005616049755552084e-02
-4.863597598571502423e-01 1.038311894887777864e-02
-4.787873723705853846e-01 1.073183657653379794e-02
-4.712149848840205268e-01 1.069882188989095331e-02
-4.636425973974553361e-01 1.090722709931795167e-02
-4.560976850917304315e-01 1.096617086787618489e-02
-4.486406852875410856e-01 1.109468083087598346e-02
-4.412441228040464569e-01 1.141577593489116749e-02
-4.338475603205516062e-01 1.118551694582693018e-02
-4.264509978370566445e-01 1.168828427974692025e-02
-4.190544353535616828e-01 1.176855805575105496e-02
-4.117579744253411222e-01 1.206556266859301965e-02
-4.045662229967672552e-01 1.202668350645908976e-02
-3.973790795125659026e-01 1.254844851758529951e-02
-3.901919360283644389e-01 1.249627201647267837e-02
-3.830047925441634193e-01 1.262453924837570775e-02
-3.758557274918706836e-01 1.253561984555928883e-02
-3.687925448569554510e-01 1.280891303095911885e-02
-3.617771662075095485e-01 1.339022520294317828e-02
-3.547617875580639790e-01 1.335236195802583757e-02
-3.477464089086184096e-01 1.331895321250845671e-02
-3.407310302591725071e-01 1.373322165691078477e-02
-3.337905201778935127e-01 1.397129092988721143e-02
-3.269440905304810130e-01 1.412086930319240465e-02
-3.201168727487683219e-01 1.436575309824094857e-02
-3.132896549670556308e-01 1.415748744076956479e-02
-3.064624371853427176e-01 1.463581186287121923e-02
-2.996352194036296934e-01 1.467700726764540643e-02
-2.928772742855094147e-01 1.478946318159744984e-02
-2.861891212252239969e-01 1.518661234626028644e-02
-2.795014875591805836e-01 1.510250187788099961e-02
-2.728138538931372814e-01 1.530109603933209501e-02
-2.661262202270942012e-01 1.541791613430460763e-02
-2.594435035472830720e-01 1.557399214894020223e-02
-2.528328857759312709e-01 1.584125716062021946e-02
-2.462894499268069026e-01 1.593199695141062772e-02
-2.397460140776825899e-01 1.594393639756725919e-02
-2.332025782285585269e-01 1.616123431761941343e-02
-2.266591423794344640e-01 1.657433915463746646e-02
-2.201166236527569708e-01 1.670558016393473150e-02
-2.136431530267409729e-01 1.656088995006104250e-02
-2.072378133789399557e-01 1.718292956374143504e-02
-2.008324737311389385e-01 1.701461296239148088e-02
-1.944271340833376716e-01 1.755859270298127869e-02
-1.880217944355364046e-01 1.750248716919840936e-02
-1.816164547877353874e-01 1.734148868095369833e-02
-1.752737700117877606e-01 1.783182193559092188e-02
-1.690067713001237593e-01 1.794360934157105542e-02
-1.627528037808902428e-01 1.830338095744207458e-02
-1.564988362616570039e-01 1.864066684732296544e-02
-1.502448687424237928e-01 1.875809230527915664e-02
-1.439909012231903040e-01 1.867314622930967352e-02
-1.377684768588136599e-01 1.902243331997895484e-02
-1.316100793299257443e-01 1.911959634126137592e-02
-1.254841654816699070e-01 1.920631809627959541e-02
-1.193582516334141114e-01 1.964247751121324728e-02
-1.132323377851580243e-01 1.982357294080630550e-02
-1.071064239369019372e-01 2.007608628629522010e-02
-1.009817239239861886e-01 1.968853958411916072e-02
-9.490546722433801374e-02 2.025098668656359971e-02
-8.887644000261710198e-02 2.034169369117456994e-02
-8.284741278089619021e-02 2.040648440875374864e-02
-7.681838555917552824e-02 2.060603981889962133e-02
-7.078935833745488015e-02 2.040389278005062812e-02
-6.476033111573395451e-02 2.072007148183721559e-02
-5.875527225913405871e-02 2.082343933392065763e-02
-5.280306257552502824e-02 2.081810795700774278e-02
-4.687973369978609001e-02 2.174400201338447594e-02
-4.095640482404715871e-02 2.125599517455253190e-02
-3.503307594830795679e-02 2.177038076142738185e-02
-2.910974707256875835e-02 2.189172300243376335e-02
-2.318641819682982358e-02 2.163848702120500442e-02
-1.729492152146813733e-02 2.235889538715304242e-02
-1.144505048051892154e-02 2.202721156439936545e-02
-5.604972873605185320e-03 2.239107659206343581e-02
2.351047333082906948e-04 2.255695623702994729e-02
6.075182340221765842e-03 2.235094441989461320e-02
1.191525994713550120e-02 2.225462720668940422e-02
1.775533755404923655e-02 2.286731170180024419e-02
2.355997951911378493e-02 2.306697274189897437e-02
2.932848397694422932e-02 2.304549659416163174e-02
3.509628656939001168e-02 2.280981325059643766e-02
4.086408916183604384e-02 2.358729738395997158e-02
4.663189175428208294e-02 2.279897723480040286e-02
5.239969434672786530e-02 2.405595506713945064e-02
5.816357961575860380e-02 2.307141745487427051e-02
6.389230650942885614e-02 2.386743535265000923e-02
6.958979235115342332e-02 2.390034460511835865e-02
7.528727819287775458e-02 2.397439042317418834e-02
8.098476403460205808e-02 2.417458837568770350e-02
8.668224987632663914e-02 2.412522449698522101e-02
9.237973571805119244e-02 2.404569380352011149e-02
9.807309588139159762e-02 2.419591781003188266e-02
1.037402585297455548e-01 2.400038892517990935e-02
1.093853493414972400e-01 2.466745082472642306e-02
1.150304401532489390e-01 2.476709492590356554e-02
1.206755309650006242e-01 2.441834057178377676e-02
1.263206217767520734e-01 2.497468680335796637e-02
1.319657125885035087e-01 2.530129802388069934e-02
1.376083461218001180e-01 2.498259693197458706e-02
1.432333019906300575e-01 2.480620528832627736e-02
1.488430374734481532e-01 2.511816295645028993e-02
1.544527729562662488e-01 2.539391125237699942e-02
1.600625084390846220e-01 2.524628842728378342e-02
1.656722439219029674e-01 2.497611080399974454e-02
1.712819794047210631e-01 2.530478049005887090e-02
1.768904154457907607e-01 2.523569695397133092e-02
1.824818189865919371e-01 2.538371850520549852e-02
1.880574894688727960e-01 2.580407153852199570e-02
1.936331599511536272e-01 2.564713973941704084e-02
1.992088304334342364e-01 2.545377734409386139e-02
2.047845009157148177e-01 2.551542912231133386e-02
2.103601713979956211e-01 2.583209507407642838e-02
2.159358418802764801e-01 2.543696322275892235e-02
2.215072334199951198e-01 2.547887213067143164e-02
2.270742156283245827e-01 2.609756011306671800e-02
2.326410674478270324e-01 2.553058795315698778e-02
2.382079192673295376e-01 2.562321211789469338e-02
2.437747710868317652e-01 2.576635855430982336e-02
2.493416229063339928e-01 2.541550944545256305e-02
2.549084747258364425e-01 2.598248160536229326e-02
2.604733521166727184e-01 2.604867476305423868e-02
2.660359156585113127e-01 2.568666721780494405e-02
2.715981397800181218e-01 2.509955944784668727e-02
2.771603639015248755e-01 2.600690781960198622e-02
2.827225880230319621e-01 2.590577920850800631e-02
2.882848121445390488e-01 2.595072525788325382e-02
2.938470362660458024e-01 2.564733942460439495e-02
2.994120431491009704e-01 2.545893595987053573e-02
3.049808606343505923e-01 2.635284131097582333e-02
3.105507059602459208e-01 2.548881372700914638e-02
3.161205512861410827e-01 2.585911126299706916e-02
3.216903966120361891e-01 2.547759258955529377e-02
3.272602419379315730e-01 2.544953974591976711e-02
3.328300872638269015e-01 2.553650356118911113e-02
3.384039160750867969e-01 2.541318934052057971e-02
3.439842013788024233e-01 2.581609161209986666e-02
3.495669596896091580e-01 2.590285427905319321e-02
3.551497180004159482e-01 2.524793608334268205e-02
3.607324763112227384e-01 2.523953969621844234e-02
3.663152346220291955e-01 2.575731690223099710e-02
3.718979929328357081e-01 2.515557582497328706e-02
3.774945973069401273e-01 2.513445695196208154e-02
3.831178219612723646e-01 2.476823597530896509e-02
3.887538208325344025e-01 2.489021967610765412e-02
3.943898197037964404e-01 2.503992694526422161e-02
4.000258185750587003e-01 2.494843916966728997e-02
4.056618174463210158e-01 2.468783762705690013e-02
4.112978163175830537e-01 2.428861824263523969e-02
4.169473854957369552e-01 2.474610158730014553e-02
4.226246304758149996e-01 2.467834754057833882e-02
4.283159809509249349e-01 2.392885495201699936e-02
4.340073314260349813e-01 2.418143120896783585e-02
4.396986819011447500e-01 2.412103253882971754e-02
4.453900323762545188e-01 2.376413130617933966e-02
4.510813828513645096e-01 2.382452997631958475e-02
4.567920363135476447e-01 2.368582574787578623e-02
4.625391863301143713e-01 2.319485697798560203e-02
4.683035299139917673e-01 2.325991208695538104e-02
4.740678734978694409e-01 2.318943571890260888e-02
4.798322170817471144e-01 2.342254985938485579e-02
4.855965606656245104e-01 2.333038845501017589e-02
4.913609042495019619e-01 2.313522312809278281e-02
4.971535058603292478e-01 2.322197809456625489e-02
5.029892088079126466e-01 2.230293877861080909e-02
5.088397550653027679e-01 2.258870269302960462e-02
5.146903013226924450e-01 2.240442502859344223e-02
5.205408475800821222e-01 2.224952496283159539e-02
5.263913938374722434e-01 2.166197298926024126e-02
5.322419400948621426e-01 2.204121108129266163e-02
5.381370585800542283e-01 2.220233449386502245e-02
5.440826204168103253e-01 2.122388017103828822e-02
5.500340533773282470e-01 2.145491696656705999e-02
5.559854863378460577e-01 2.112148886392911998e-02
5.619369192983636463e-01 2.118449889907519923e-02
5.678883522588813459e-01 2.094296043102122223e-02
5.738553357056184190e-01 2.041359085775353369e-02
5.798910057697571618e-01 2.023436467639186734e-02
5.859798119650778681e-01 2.018047480217630488e-02
5.920686181603986853e-01 2.003676847092768568e-02
5.981574243557198356e-01 2.002393754849533802e-02
6.042462305510408749e-01 1.958512000129648128e-02
6.103350367463619142e-01 1.924894983355934092e-02
6.164723325756304995e-01 1.952056060108193353e-02
6.226770328765010021e-01 1.893242470451436330e-02
6.289006480150259870e-01 1.886714913863186613e-02
6.351242631535509719e-01 1.867634363836127159e-02
6.413478782920758459e-01 1.822192527587522190e-02
6.475714934306006088e-01 1.836502940107679477e-02
6.538241509792271922e-01 1.811561770661866688e-02
6.601590080379423631e-01 1.787527346733327333e-02
6.665470221966444120e-01 1.786059754494754431e-02
6.729350363553464609e-01 1.749369948527197335e-02
6.793230505140488429e-01 1.719284307633872633e-02
6.857110646727511138e-01 1.675745737885852779e-02
6.921126615903818724e-01 1.659150723227897917e-02
6.986041609304698419e-01 1.687203924757655835e-02
7.051719799340867567e-01 1.677449925756517926e-02
7.117397989377041156e-01 1.576817204356006225e-02
7.183076179413212525e-01 1.594897787870046268e-02
7.248754369449381674e-01 1.534232672132304805e-02
7.314555791503332127e-01 1.529681898524156564e-02
7.381395858472570293e-01 1.504952074733262139e-02
7.449151338339312645e-01 1.501954162233793376e-02
7.516906818206050556e-01 1.474050515123499425e-02
7.584662298072788467e-01 1.448222345897163046e-02
7.652417777939528598e-01 1.416859568979668069e-02
7.720535295189709935e-01 1.419447388641084662e-02
7.789987971752756479e-01 1.344943927190661234e-02
7.860413770245222587e-01 1.353152921797528760e-02
7.930839568737687584e-01 1.297686742022154810e-02
8.001265367230157022e-01 1.284152994156969110e-02
8.071691165722625350e-01 1.275722134831148817e-02
8.143007990288914089e-01 1.247051036719016258e-02
8.215705427837207697e-01 1.207949778755827187e-02
8.288892452293685764e-01 1.188094824810211926e-02
8.362079476750163831e-01 1.159913599855144813e-02
8.435266501206638567e-01 1.131518880771733432e-02
8.508835864496270274e-01 1.134608772908013777e-02
8.584054212148899410e-01 1.072718602514156558e-02
8.660539205331365675e-01 1.066998526172431745e-02
8.737024198513831941e-01 1.030839472155115587e-02
8.813509191696293765e-01 1.006529147702858382e-02
8.890075287277718896e-01 9.825864739278255058e-03
8.968208017516975383e-01 9.539661205466678021e-03
9.047826280015098810e-01 9.535736226571065247e-03
9.127444542513217796e-01 9.404249433573369857e-03
9.207062805011336781e-01 9.025488970158536753e-03
9.286824342610573435e-01 8.690027252851301870e-03
9.368482822341710481e-01 8.472611932853197150e-03
9.451894969103633581e-01 8.251570984793569347e-03
9.535307115865556682e-01 7.978079642277639827e-03
9.618719262627482003e-01 7.880671766861241725e-03
9.702818259421006619e-01 7.660845227384655703e-03
9.789026567014306179e-01 7.264143769391316965e-03
9.876657335375786939e-01 7.223133630290038548e-03
9.964288103737272140e-01 6.788069545918174255e-03
1.005191887209875734e+00 6.675737425772786983e-03
1.014145496081232167e+00 6.561578677875387101e-03
1.023335970105533566e+00 6.228477991942164317e-03
1.032572777247572127e+00 5.989962131848347929e-03
1.041809584389611132e+00 5.781895104958249126e-03
1.051186361999303376e+00 5.562561871950867133e-03
1.060834908615315930e+00 5.361518348348404822e-03
1.070615253769997111e+00 4.989279440372517208e-03
1.080395598924678513e+00 5.005255359169853702e-03
1.090323424594805246e+00 4.764123205380742243e-03
1.100569056499836273e+00 4.582811943067718538e-03
1.110985014124326709e+00 4.201786007375314658e-03
1.121400971748817588e+00 4.038274877491734340e-03
1.132036748349549704e+00 3.854578931510573535e-03
1.143005440855181964e+00 3.658874339782283366e-03
1.154087230289472910e+00 3.529157022148736618e-03
1.165203477837690960e+00 3.414862355238048024e-03
1.176724860541810358e+00 3.090297289506344341e-03
1.188616920287903778e+00 2.933942962358646912e-03
1.200508980033996753e+00 2.813063986749022530e-03
1.212729104629995502e+00 2.466740332016694338e-03
1.225384661862825908e+00 2.495019750622116776e-03
1.238147586882581752e+00 2.344437106202823008e-03
1.251222032177083943e+00 2.199131608976120835e-03
1.264776387278105485e+00 1.991447464138546963e-03
1.278499131910900255e+00 1.846842645416049613e-03
1.292639771807161830e+00 1.643151233111194223e-03
1.307328867673136052e+00 1.628959813093941705e-03
1.322197427000860515e+00 1.439169067782371855e-03
1.337618711707011743e+00 1.342220153265637900e-03
1.353543819036084672e+00 1.248029265317171987e-03
1.369916150472019201e+00 1.074827747618049270e-03
1.387033131293063049e+00 1.017476559290779285e-03
1.404635025968032469e+00 8.862378632169025860e-04
1.422812995917823287e+00 8.718633350319644759e-04
1.441552082853572614e+00 7.196304176335870757e-04
1.461192032654555550e+00 6.673979546624217267e-04
1.481784253194503798e+00 5.584603848991711184e-04
1.503285542685973031e+00 5.239691600541152494e-04
1.525836243516804025e+00 4.513968320035831750e-04
1.549177890346014941e+00 3.891736144889598606e-04
1.573795958228049852e+00 3.509330118182574145e-04
1.599829740114776078e+00 2.931184633913804243e-04
1.627388915966799576e+00 2.207987937514425535e-04
1.656985544040857405e+00 2.017138276230200956e-04
1.688906048863151543e+00 1.710128624303680958e-04
1.723254538133422553e+00 1.125789732147882772e-04
1.759903461728477003e+00 1.083942246745080759e-04
1.799200655794108705e+00 9.031978933773321058e-05
1.841526557566421030e+00 7.130690314924146731e-05
1.887598734954131663e+00 5.303219375086404286e-05
1.936997388146705523e+00 4.550285618570510998e-05
1.991478570078469179e+00 3.125814139455253802e-05
2.052980621174763876e+00 2.276449239453163308e-05
2.123432068732939548e+00 1.554653984489409182e-05
2.204314192492807578e+00 1.043122263666070658e-05
2.299821638390988632e+00 6.360392722728971570e-06
2.422773681800143297e+00 2.562025316905979798e-06
2.683166936247655343e+00 4.516885460757691715e-07
2.911617025627025512e+00 2.045597348012380725e-07
2.988000581829727054e+00 0.000000000000000000e+00
3.064384138032427707e+00 0.000000000000000000e+00
3.140767694235129248e+00 0.000000000000000000e+00
3.217151250437829901e+00 0.000000000000000000e+00
3.293534806640531443e+00 0.000000000000000000e+00
3.369918362843232096e+00 0.000000000000000000e+00
3.446301919045933637e+00 0.000000000000000000e+00
3.522685475248634290e+00 0.000000000000000000e+00
3.599069031451335832e+00 0.000000000000000000e+00
3.675452587654036485e+00 0.000000000000000000e+00
3.751836143856738026e+00 0.000000000000000000e+00
3.828219700059438679e+00 0.000000000000000000e+00
3.904603256262140221e+00 0.000000000000000000e+00
3.980986812464840874e+00 0.000000000000000000e+00
4.057370368667542415e+00 0.000000000000000000e+00
4.133753924870243068e+00 0.000000000000000000e+00
4.210137481072944610e+00 0.000000000000000000e+00
4.286521037275645263e+00 0.000000000000000000e+00
4.362904593478346804e+00 0.000000000000000000e+00
4.439288149681047457e+00 0.000000000000000000e+00
4.515671705883748999e+00 0.000000000000000000e+00
4.592055262086449652e+00 0.000000000000000000e+00
4.668438818289151193e+00 0.000000000000000000e+00
4.744822374491851846e+00 0.000000000000000000e+00
4.821205930694553388e+00 0.000000000000000000e+00
4.897589486897254041e+00 0.000000000000000000e+00
4.973973043099955582e+00 0.000000000000000000e+00
5.050356599302656235e+00 0.000000000000000000e+00
5.126740155505357777e+00 0.000000000000000000e+00
