-1.856523301476846655e+01 0.000000000000000000e+00
-1.826851079050698701e+01 0.000000000000000000e+00
-1.797178856624550392e+01 0.000000000000000000e+00
-1.767506634198402438e+01 0.000000000000000000e+00
-1.737834411772254128e+01 0.000000000000000000e+00
-1.708162189346106175e+01 0.000000000000000000e+00
-1.678489966919957865e+01 0.000000000000000000e+00
-1.648817744493809911e+01 0.000000000000000000e+00
-1.619145522067661602e+01 0.000000000000000000e+00
-1.589473299641513648e+01 0.000000000000000000e+00
-1.559801077215365339e+01 0.000000000000000000e+00
-1.530128854789217385e+01 0.000000000000000000e+00
-1.500456632363069076e+01 0.000000000000000000e+00
-1.470784409936921122e+01 0.000000000000000000e+00
-1.441112187510772813e+01 0.000000000000000000e+00
-1.411439965084624859e+01 0.000000000000000000e+00
-1.381767742658476550e+01 0.000000000000000000e+00
-1.352095520232328596e+01 0.000000000000000000e+00
-1.322423297806180287e+01 0.000000000000000000e+00
-1.292751075380032333e+01 0.000000000000000000e+00
-1.263078852953884024e+01 5.265867778825605538e-08
-1.233406630527736070e+01 0.000000000000000000e+00
-1.203734408101587761e+01 0.000000000000000000e+00
-1.174062185675439807e+01 0.000000000000000000e+00
-1.144389963249291498e+01 0.000000000000000000e+00
-1.114717740823143544e+01 0.000000000000000000e+00
-1.085045518396995234e+01 0.000000000000000000e+00
-1.055373295970847281e+01 0.000000000000000000e+00
-1.025701073544698971e+01 0.000000000000000000e+00
-9.960288511185510174e+00 5.265867778825605538e-08
-8.959551625513810791e+00 1.374833772118807178e-07
-7.781716941990386438e+00 7.201369906038990501e-07
-7.228873189581934255e+00 1.958408903816685414e-06
-6.788930505614418465e+00 2.205282085104390039e-06
-6.428011551942145019e+00 5.529161167766886470e-06
-6.147772735043441017e+00 7.760504338475748682e-06
-5.907719227034823106e+00 1.350521517968211732e-05
-5.704912034525190023e+00 1.981372158312644653e-05
-5.528611577002092936e+00 3.080266560863006932e-05
-5.374940244491116736e+00 4.155685284181905004e-05
-5.238795601815416703e+00 6.211766850899282045e-05
-5.117499829132910349e+00 8.297298106430878910e-05
-5.010492112545957610e+00 1.250518452456756899e-04
-4.917087650507379948e+00 1.784939738613767948e-04
-4.834611810992494263e+00 2.458610262441351707e-04
-4.760373224892832766e+00 3.369432166743633228e-04
-4.693491353196730387e+00 4.575792449070368749e-04
-4.634199415709080228e+00 6.391364794574335003e-04
-4.581909679283441506e+00 9.219129859267066957e-04
-4.536052804487351153e+00 1.444333928725766549e-03
-4.496229219195173599e+00 2.077741562127398151e-03
-4.461139465684350824e+00 2.835502477060233926e-03
-4.429593030577768431e+00 3.727962294262338484e-03
-4.400849815983368885e+00 4.777353497816117997e-03
-4.374249986713653726e+00 6.129935435215607895e-03
-4.349674751183632004e+00 7.513118046873069715e-03
-4.326895560821744091e+00 9.045628060363032283e-03
-4.305270327877151360e+00 1.061664976064801737e-02
-4.284958333527962182e+00 1.254090839323955368e-02
-4.265648301731189918e+00 1.436484315994533169e-02
-4.247279637574093769e+00 1.638769306189620176e-02
-4.229773602484757866e+00 1.886234623012707570e-02
-4.212944125268821338e+00 2.104191646703395743e-02
-4.196878285419198384e+00 2.378183063076417733e-02
-4.181260092528777506e+00 2.592545961223765780e-02
-4.166263058554104504e+00 2.841365139153377573e-02
-4.151612860335511357e+00 3.139569295494086532e-02
-4.137504655130326725e+00 3.479577558769265250e-02
-4.123990392566584617e+00 3.745757711978016380e-02
-4.110606113342699430e+00 4.073979767687033182e-02
-4.097708707074194656e+00 4.406029922412883076e-02
-4.085220140049241166e+00 4.687162056546515659e-02
-4.072817784373837569e+00 5.055483343865743717e-02
-4.060861149681793236e+00 5.422814894570246458e-02
-4.049264024623555613e+00 5.794135370841348859e-02
-4.037666899565319767e+00 6.120859665092953650e-02
-4.026454826605958104e+00 6.556801350506449855e-02
-4.015628380352051607e+00 6.895662994345239105e-02
-4.004802508704724318e+00 7.313065873966111130e-02
-3.994179219769178779e+00 7.729202634684641249e-02
-3.983907643591330761e+00 8.123808358989012546e-02
-3.973785197459399399e+00 8.590747124421413417e-02
-3.963662751327468037e+00 8.985599806066396633e-02
-3.953816415394925343e+00 9.399921956736584372e-02
-3.944271631086681662e+00 9.926006832407875680e-02
-3.934752288203348325e+00 1.032010572620529615e-01
-3.925239363496078493e+00 1.075168224673064554e-01
-3.916001070138601658e+00 1.120460998577300360e-01
-3.907030989954854316e+00 1.170018108535518381e-01
-3.898060909771106974e+00 1.224034487439010083e-01
-3.889090829587359632e+00 1.266223352225936127e-01
-3.880339569534822175e+00 1.316171734409599114e-01
-3.871833410631071004e+00 1.363153474043124480e-01
-3.863353532744896235e+00 1.423664368997945295e-01
-3.854873654858722354e+00 1.467720870166330238e-01
-3.846509336812110824e+00 1.515190188181437247e-01
-3.838365805948630083e+00 1.562168866713087301e-01
-3.830327502428716002e+00 1.635897887834581454e-01
-3.822289198908802366e+00 1.671489197529532345e-01
-3.814250895388888285e+00 1.729764864632608312e-01
-3.806387518566463957e+00 1.774008386393228220e-01
-3.798715528186175305e+00 1.837560408223503361e-01
-3.791059997550532135e+00 1.874604705150545447e-01
-3.783404466914888964e+00 1.938059646828582949e-01
-3.775762175131875509e+00 1.989966859390318032e-01
-3.768298478938473028e+00 2.049695699867890020e-01
-3.761000139482053140e+00 2.117091167417337605e-01
-3.753701800025633251e+00 2.156119737094162048e-01
-3.746403460569213806e+00 2.214373570385925472e-01
-3.739105121112793917e+00 2.268152926956379101e-01
-3.731968976126314175e+00 2.340898814994663291e-01
-3.724995450435848898e+00 2.398256037769614102e-01
-3.718022349571458829e+00 2.447014833406186418e-01
-3.711049248707068760e+00 2.509912783475973796e-01
-3.704076147842678690e+00 2.556005082476170975e-01
-3.697201388829903124e+00 2.624866072582869858e-01
-3.690470434113764409e+00 2.672648179879855701e-01
-3.683784941842648486e+00 2.739794506851265798e-01
-3.677099449571532119e+00 2.801051215166987518e-01
-3.670413957300415753e+00 2.851346688763257142e-01
-3.663746866137107538e+00 2.921534142493630304e-01
-3.657209594956347232e+00 2.987906169584461646e-01
-3.650783742650325792e+00 3.032525736973417096e-01
-3.644357890344304352e+00 3.089400487993785860e-01
-3.637932038038282467e+00 3.152791884279016466e-01
-3.631506185732261027e+00 3.199988930765099715e-01
-3.625125235301385196e+00 3.268228781370965397e-01
-3.618863801546451597e+00 3.330619119898414748e-01
-3.612676982592314179e+00 3.388655810912037381e-01
-3.606490163638176760e+00 3.447702714128301760e-01
-3.600303344684038898e+00 3.532055433008332579e-01
-3.594116525729901923e+00 3.574964196294911356e-01
-3.587971126888940265e+00 3.624224212856327898e-01
-3.581932792390110976e+00 3.678121626499190611e-01
-3.575960102120238737e+00 3.774785562500342362e-01
-3.569987411850366499e+00 3.814811495404347164e-01
-3.564014721580493372e+00 3.875661377715043932e-01
-3.558042031310621134e+00 3.944254839202288587e-01
-3.552087220465637962e+00 3.988197702581253723e-01
-3.546229930285055953e+00 4.062233010240694497e-01
-3.540452281343985597e+00 4.135008070527397828e-01
-3.534674632402914796e+00 4.175465703447345245e-01
-3.528896983461843995e+00 4.218113890022039403e-01
-3.523119334520773638e+00 4.293404030429481266e-01
-3.517341685579703281e+00 4.359445166520248827e-01
-3.511630416477269812e+00 4.407083795168754703e-01
-3.506005311286233717e+00 4.475769446678903307e-01
-3.500399990167958553e+00 4.523519833204904805e-01
-3.494794669049683389e+00 4.598281384087997137e-01
-3.489189347931408669e+00 4.645753017628225234e-01
-3.483584026813133505e+00 4.710117082127879828e-01
-3.477991617893021026e+00 4.751296590194239999e-01
-3.472479767505480375e+00 4.828558223286897877e-01
-3.467035563452348867e+00 4.889144444298967329e-01
-3.461591359399216916e+00 4.941551094971448621e-01
-3.456147155346084965e+00 4.981989742724035053e-01
-3.450702951292953458e+00 5.072653822392081402e-01
-3.445258747239821950e+00 5.131489328348819434e-01
-3.439838263651992634e+00 5.182967894819198174e-01
-3.434484682039143699e+00 5.208529388111976521e-01
-3.429174281935972068e+00 5.251046193929083117e-01
-3.423863881832800438e+00 5.308068733496582592e-01
-3.418553481729629251e+00 5.392396183650514097e-01
-3.413243081626457620e+00 5.418465311646598614e-01
-3.407932681523286433e+00 5.490140701938774903e-01
-3.402644747078965359e+00 5.538087146288956930e-01
-3.397416348518329521e+00 5.593643018058321870e-01
-3.392225020182529249e+00 5.629008484876109053e-01
-3.387033691846728534e+00 5.680145444981633540e-01
-3.381842363510927818e+00 5.725985109630926662e-01
-3.376651035175127546e+00 5.785820469659660459e-01
-3.371459706839326831e+00 5.844361604094709950e-01
-3.366281328686078655e+00 5.865831722345538068e-01
-3.361156886343952710e+00 5.947878176944377815e-01
-3.356073429630397342e+00 5.970316156931201323e-01
-3.350989972916841531e+00 5.996442571983224834e-01
-3.345906516203285719e+00 6.081368789383434503e-01
-3.340823059489729907e+00 6.129779499627854289e-01
-3.335739602776174095e+00 6.158979610568932062e-01
-3.330656146062618284e+00 6.204992838020295665e-01
-3.325612063847930067e+00 6.253049983533631728e-01
-3.320609367160720193e+00 6.284200736744128823e-01
-3.315608681502119737e+00 6.294230611329616476e-01
-3.310607995843519724e+00 6.340911709870841184e-01
-3.305607310184919712e+00 6.381156191075912920e-01
-3.300606624526319699e+00 6.418838523632265369e-01
-3.295605938867719242e+00 6.470612673754577715e-01
-3.290624460025986409e+00 6.489214988344335078e-01
-3.285678413591052394e+00 6.533737687983768305e-01
-3.280748592746050463e+00 6.572627285807038922e-01
-3.275818771901048088e+00 6.590059460869586161e-01
-3.270888951056045713e+00 6.646286149164750690e-01
-3.265959130211044226e+00 6.669867127795618966e-01
-3.261029309366041851e+00 6.707710795114513180e-01
-3.256100110231780587e+00 6.724176603544943509e-01
-3.251194618986468221e+00 6.728017400958787864e-01
-3.246312213919365419e+00 6.787350351834756657e-01
-3.241429808852262617e+00 6.776149417202869119e-01
-3.236547403785159371e+00 6.789430525409135830e-01
-3.231664998718056125e+00 6.830937988884963064e-01
-3.226782593650953324e+00 6.844059083739357785e-01
-3.221900188583850522e+00 6.859740392222511973e-01
-3.217025430876900405e+00 6.895165479880348558e-01
-3.212168157335276497e+00 6.926953475741878252e-01
-3.207320720598825226e+00 6.916187476546749036e-01
-3.202473283862373510e+00 6.937332672570103442e-01
-3.197625847125922238e+00 6.955963653212073883e-01
-3.192778410389470523e+00 6.985844136005735505e-01
-3.187930973653019251e+00 6.954932180235355865e-01
-3.183083536916567979e+00 6.988100483142946073e-01
-3.178242277622164824e+00 6.989669675093309609e-01
-3.173408800367384153e+00 7.005727106552487315e-01
-3.168576927710177848e+00 7.028783643407582327e-01
-3.163745055052971544e+00 6.998871586477760642e-01
-3.158913182395765240e+00 7.013843783622093486e-01
-3.154081309738558936e+00 7.023933039581770066e-01
-3.149249437081353076e+00 7.014619880234325144e-01
-3.144417384017308414e+00 7.039640717894989352e-01
-3.139583894666727382e+00 6.991610651641243512e-01
-3.134749149436446558e+00 7.013522354317219820e-01
-3.129914404206166623e+00 7.011938765185771194e-01
-3.125079658975885799e+00 6.978941938589006133e-01
-3.120244913745604975e+00 7.001273777157640543e-01
-3.115410168515325040e+00 7.004570228002698906e-01
-3.110575423285044216e+00 7.005184272767954745e-01
-3.105737496545334153e+00 6.995524992859167845e-01
-3.100892682845787895e+00 6.969331553601343376e-01
-3.096044163695835572e+00 6.965947788477252489e-01
-3.091195644545883248e+00 6.963305229048146749e-01
-3.086347125395931368e+00 6.941488000584867812e-01
-3.081498606245979488e+00 6.940521210550231190e-01
-3.076650087096027164e+00 6.925310380661313658e-01
-3.071801567946074840e+00 6.906554653977035052e-01
-3.066940340977928336e+00 6.884805649028928887e-01
-3.062063618325562064e+00 6.859935002463694032e-01
-3.057184107807171092e+00 6.862752908060613111e-01
-3.052304597288780119e+00 6.851641393945490099e-01
-3.047425086770389147e+00 6.814015949895716462e-01
-3.042545576251998174e+00 6.795507433588677815e-01
-3.037666065733606757e+00 6.736811740870418674e-01
-3.032781580691533030e+00 6.743971303277422891e-01
-3.027875157270615070e+00 6.734026167530567930e-01
-3.022951769994536519e+00 6.706066504339163181e-01
-3.018028382718457969e+00 6.649417243503005226e-01
-3.013104995442379419e+00 6.649322034660664071e-01
-3.008181608166300425e+00 6.628471298319886795e-01
-3.003258220890221875e+00 6.592863191508586684e-01
-2.998334833614143324e+00 6.590863805832016808e-01
-2.993394472487545865e+00 6.564073771534473245e-01
-2.988429900467036937e+00 6.539338766256630464e-01
-2.983458091403135004e+00 6.490500909276145647e-01
-2.978486282339233071e+00 6.482989810293279254e-01
-2.973514473275331582e+00 6.459419415997399438e-01
-2.968542664211429205e+00 6.428966466567122007e-01
-2.963570855147527716e+00 6.383899872673398646e-01
-2.958591314915311798e+00 6.359314032244767212e-01
-2.953580689739155218e+00 6.333428100389700832e-01
-2.948546710787371072e+00 6.272094907908276618e-01
-2.943512731835587370e+00 6.284013908876435739e-01
-2.938478752883803224e+00 6.246860148045452199e-01
-2.933444773932019523e+00 6.193348799949374150e-01
-2.928410794980235821e+00 6.164885977324890964e-01
-2.923376816028452119e+00 6.156474390704133048e-01
-2.918316402753553529e+00 6.137611388670755064e-01
-2.913226233697231216e+00 6.093132481713762205e-01
-2.908132743182600066e+00 6.064296656932938179e-01
-2.903039252667968029e+00 6.039203354092215204e-01
-2.897945762153336879e+00 6.016165370677321045e-01
-2.892852271638704842e+00 5.992636564712976455e-01
-2.887758781124073693e+00 5.950763265962869530e-01
-2.882643835505511731e+00 5.927576117003029443e-01
-2.877493948887376973e+00 5.890953522884361249e-01
-2.872330576373600231e+00 5.859148970808789603e-01
-2.867167203859822600e+00 5.809792905694368681e-01
-2.862003831346045413e+00 5.768788939887593559e-01
-2.856840458832268226e+00 5.754445117163237144e-01
-2.851677086318490595e+00 5.720007838131837552e-01
-2.846498695411745050e+00 5.691769277962719364e-01
-2.841286027853926477e+00 5.668473195805268094e-01
-2.836054102038003677e+00 5.644073719495035224e-01
-2.830822176222079989e+00 5.599007856886203394e-01
-2.825590250406157189e+00 5.580551459873913656e-01
-2.820358324590234389e+00 5.547252296978245623e-01
-2.815126398774311145e+00 5.499229827081428823e-01
-2.809881894910499334e+00 5.494403879405682645e-01
-2.804602088336021204e+00 5.452319365299843623e-01
-2.799299557098764879e+00 5.428421580575888417e-01
-2.793997025861508554e+00 5.400427874672817374e-01
-2.788694494624253117e+00 5.364153925233616782e-01
-2.783391963386996792e+00 5.337574638154243267e-01
-2.778089432149740468e+00 5.309993471074561100e-01
-2.772774385299957789e+00 5.279531014228483476e-01
-2.767425395800536592e+00 5.283837120819460109e-01
-2.762054979264002341e+00 5.220061806992302156e-01
-2.756684562727468535e+00 5.194254916770755237e-01
-2.751314146190934284e+00 5.174965211904239970e-01
-2.745943729654400478e+00 5.145696066963919568e-01
-2.740573313117866228e+00 5.129461292731946065e-01
-2.735185029859108052e+00 5.069920386304345161e-01
-2.729758691177847751e+00 5.060879496067791639e-01
-2.724312163796309250e+00 5.016011457612989943e-01
-2.718865636414770748e+00 4.989331613774776186e-01
-2.713419109033232246e+00 4.978401484202346627e-01
-2.707972581651693744e+00 4.921283667985268950e-01
-2.702526054270155242e+00 4.916177203250643446e-01
-2.697054836173392367e+00 4.877264328246710412e-01
-2.691546582043109481e+00 4.873451742079054627e-01
-2.686025982594530070e+00 4.823723220284081847e-01
-2.680505383145950660e+00 4.796891894921739841e-01
-2.674984783697371249e+00 4.765305651140754883e-01
-2.669464184248791838e+00 4.731483463579574389e-01
-2.663943584800212427e+00 4.720501866279755432e-01
-2.658385981513024188e+00 4.690482398486059412e-01
-2.652789635569865467e+00 4.658066305802095464e-01
-2.647191550809345983e+00 4.632499526068525331e-01
-2.641593466048825611e+00 4.599927002107122020e-01
-2.635995381288306127e+00 4.588036774851288468e-01
-2.630397296527785755e+00 4.535256446821286369e-01
-2.624784463254450806e+00 4.509846718257831677e-01
-2.619127796574157507e+00 4.476156259523121905e-01
-2.613442044999723102e+00 4.469945559049188222e-01
-2.607756293425288696e+00 4.400748462614124112e-01
-2.602070541850853846e+00 4.384397282162260656e-01
-2.596384790276419441e+00 4.354717828568336890e-01
-2.590699038701984591e+00 4.327621586675769461e-01
-2.584971606349125040e+00 4.291252084440426717e-01
-2.579193335528592979e+00 4.258313940009785803e-01
-2.573405907018814887e+00 4.218410639328329381e-01
-2.567618478509036350e+00 4.186417803531043424e-01
-2.561831049999257814e+00 4.148134393269681253e-01
-2.556043621489479722e+00 4.116249550167074278e-01
-2.550232224466359554e+00 4.084764459238062195e-01
-2.544363452723659602e+00 4.045328725524470204e-01
-2.538461274774720167e+00 4.006413006278311539e-01
-2.532559096825780731e+00 3.965988310163441333e-01
-2.526656918876841296e+00 3.928343308281015411e-01
-2.520754740927901416e+00 3.879314796686918476e-01
-2.514844479346703743e+00 3.871252085449287117e-01
-2.508876522868259684e+00 3.848938805097630311e-01
-2.502858955124827922e+00 3.783141872369762404e-01
-2.496841387381395272e+00 3.767951972746319544e-01
-2.490823819637963510e+00 3.726458879415959213e-01
-2.484806251894531304e+00 3.675176739661873415e-01
-2.478788684151099098e+00 3.665881040404863067e-01
-2.472702588550395930e+00 3.593639830449848471e-01
-2.466546768834414038e+00 3.581838603824976652e-01
-2.460389752860424828e+00 3.521846068226230919e-01
-2.454232736886436061e+00 3.491215361599249722e-01
-2.448075720912447295e+00 3.452844501266719157e-01
-2.441918704938458085e+00 3.419346131135831413e-01
-2.435692496073398772e+00 3.384861415596117640e-01
-2.429394586950199386e+00 3.330508988161020034e-01
-2.423094170459930474e+00 3.295169062563654272e-01
-2.416793753969661118e+00 3.250777156023509917e-01
-2.410493337479392206e+00 3.240435577795773292e-01
-2.404186890852674452e+00 3.205110808178358583e-01
-2.397808814723179083e+00 3.165119040090874636e-01
-2.391365139227354497e+00 3.121059364804000813e-01
-2.384921463731530800e+00 3.090894127568518113e-01
-2.378477788235706214e+00 3.062499036891067061e-01
-2.372034112739882517e+00 3.025204716257487991e-01
-2.365566901464326133e+00 2.995875295149156847e-01
-2.359029241961259515e+00 2.970746450342644507e-01
-2.352444670010413574e+00 2.928887237312522984e-01
-2.345860098059567189e+00 2.894265586626572073e-01
-2.339275526108721248e+00 2.856986208129012605e-01
-2.332690954157874863e+00 2.827181689100855544e-01
-2.326059028780565363e+00 2.808569502953388031e-01
-2.319360128055756753e+00 2.779187067494829355e-01
-2.312641605409913481e+00 2.749860493724824995e-01
-2.305923082764070209e+00 2.714998848933597997e-01
-2.299204560118226492e+00 2.685788558168229478e-01
-2.292472828992424994e+00 2.674852527158641524e-01
-2.285672360563609118e+00 2.623091227915919643e-01
-2.278816363311737536e+00 2.615707181782438995e-01
-2.271960366059866399e+00 2.575026557249825432e-01
-2.265104368807994817e+00 2.565978821709352653e-01
-2.258248371556123679e+00 2.528306512268556627e-01
-2.251342899911652928e+00 2.502715320466916138e-01
-2.244374633354235815e+00 2.477678041873657977e-01
-2.237393046276473729e+00 2.453619221417916996e-01
-2.230411459198711643e+00 2.441153395377128332e-01
-2.223429872120949558e+00 2.413133262157976799e-01
-2.216422760027782601e+00 2.394372088313347080e-01
-2.209362559588094577e+00 2.376057956300511587e-01
-2.202274795817289466e+00 2.375969776160736791e-01
-2.195187032046484354e+00 2.340984305705251789e-01
-2.188099268275679687e+00 2.315367975100540154e-01
-2.180997422041225597e+00 2.293160800550318457e-01
-2.173839965327942547e+00 2.278467988013069545e-01
-2.166640980599478628e+00 2.259129323569242231e-01
-2.159441995871015152e+00 2.242004512967607499e-01
-2.152243011142551232e+00 2.220343472434428422e-01
-2.145038720720013892e+00 2.216295266968787980e-01
-2.137784578282192705e+00 2.197954732642619924e-01
-2.130485889523161092e+00 2.175647643605900239e-01
-2.123187200764129479e+00 2.152141709092977584e-01
-2.115888512005097866e+00 2.141180836168788959e-01
-2.108588448641109281e+00 2.116856133783464045e-01
-2.101242460864708228e+00 2.111674025457737636e-01
-2.093851923280851679e+00 2.107657064626104748e-01
-2.086461385696995130e+00 2.070658741175686324e-01
-2.079070848113138581e+00 2.065267556901358437e-01
-2.071679545949471013e+00 2.058477930197951389e-01
-2.064241975982923805e+00 2.042818787502156952e-01
-2.056758902793308419e+00 2.020852545045914717e-01
-2.049275829603693033e+00 2.015068658011604785e-01
-2.041792756414078092e+00 1.993624427020574963e-01
-2.034306990941500359e+00 1.974580478745529277e-01
-2.026779878263454737e+00 1.973362226843080325e-01
-2.019214110662903572e+00 1.958348053001340572e-01
-2.011648343062352851e+00 1.953763257137851039e-01
-2.004082575461802129e+00 1.935011029010921535e-01
-1.996509629267150032e+00 1.912361327020571933e-01
-1.988893908088733564e+00 1.905431629294729590e-01
-1.981242590520652547e+00 1.901388208050702189e-01
-1.973591272952571973e+00 1.881497842940976772e-01
-1.965939955384491178e+00 1.866018482824632896e-01
-1.958273347172801548e+00 1.859057769310601682e-01
-1.950559732405789060e+00 1.840060236439443331e-01
-1.942814401727062101e+00 1.828783280861562555e-01
-1.935069071048335143e+00 1.819866618311662687e-01
-1.927323740369608407e+00 1.806794226156929473e-01
-1.919557305890104537e+00 1.798646856795286797e-01
-1.911751900827367567e+00 1.785018822857434018e-01
-1.903928628982174853e+00 1.769080798145148958e-01
-1.896105357136982361e+00 1.772276392072534845e-01
-1.888282085291789869e+00 1.738083537050481575e-01
-1.880422513763170489e+00 1.736963962770420866e-01
-1.872517873809968592e+00 1.726973865224936122e-01
-1.864604465115610843e+00 1.714613515370929653e-01
-1.856691056421253094e+00 1.701285662093941775e-01
-1.848772291044232574e+00 1.694075684207330956e-01
-1.840810075834526049e+00 1.689192702624291997e-01
-1.832809767474796070e+00 1.659740712850197863e-01
-1.824809459115065868e+00 1.657846254622026283e-01
-1.816809150755335889e+00 1.643022607249151057e-01
-1.808784359384325358e+00 1.628562945852486121e-01
-1.800709804924943258e+00 1.610237368587061624e-01
-1.792609970388471030e+00 1.618127190251022751e-01
-1.784510135851998580e+00 1.598277247727378503e-01
-1.776410301315526574e+00 1.577790718125759994e-01
-1.768270836911052024e+00 1.568824379880129904e-01
-1.760088184141102907e+00 1.560455543193408345e-01
-1.751901972873681324e+00 1.559463020555697521e-01
-1.743715761606260184e+00 1.544040745723573582e-01
-1.735509990386266077e+00 1.533030978990390647e-01
-1.727254255759207879e+00 1.517066801962936029e-01
-1.718968117677658114e+00 1.514483421166076815e-01
-1.710681979596108349e+00 1.492232404083639330e-01
-1.702395841514558805e+00 1.478862937040118231e-01
-1.694064856356503279e+00 1.477203954604686953e-01
-1.685685121660799979e+00 1.456315262884643191e-01
-1.677301484503955109e+00 1.456333900380130386e-01
-1.668917847347109795e+00 1.441983028825322422e-01
-1.660510005335978256e+00 1.419398835303640194e-01
-1.652053793716724561e+00 1.417647869751327561e-01
-1.643573417343634935e+00 1.409356669348581503e-01
-1.635093040970545308e+00 1.399001881290040661e-01
-1.626604924173706834e+00 1.384976488480450241e-01
-1.618057853278576097e+00 1.377182408193793894e-01
-1.609459568708901500e+00 1.351523220222925203e-01
-1.600861284139226459e+00 1.342764205632280550e-01
-1.592262999569551418e+00 1.335531658314757231e-01
-1.583618051690482309e+00 1.319555402480830086e-01
-1.574916342058550800e+00 1.309322060504273799e-01
-1.566204533983150737e+00 1.303152273528290217e-01
-1.557492725907750675e+00 1.289772444795738993e-01
-1.548749031785844998e+00 1.283337515454449629e-01
-1.539949302744548554e+00 1.269956090619684119e-01
-1.531125424830366510e+00 1.255506661327966678e-01
-1.522301546916184467e+00 1.244226898510692736e-01
-1.513454011087230544e+00 1.223588145358374818e-01
-1.504542535629793010e+00 1.219086771608514641e-01
-1.495590778458643300e+00 1.200480089499545294e-01
-1.486639021287494034e+00 1.198333164640910664e-01
-1.477673386867588423e+00 1.185406889903386635e-01
-1.468647665771744881e+00 1.169593255048660685e-01
-1.459575735248720196e+00 1.164253983558782707e-01
-1.450503804725695289e+00 1.151611966547168991e-01
-1.441421961421411657e+00 1.146797841022153402e-01
-1.432272561338810757e+00 1.131097278333542261e-01
-1.423065517259150869e+00 1.115433320525535399e-01
-1.413858473179490982e+00 1.097071021123331852e-01
-1.404643653352599664e+00 1.094933082432249377e-01
-1.395365330755904631e+00 1.086813913980008428e-01
-1.386031281136636650e+00 1.076619383858371387e-01
-1.376697231517368447e+00 1.056012706387646910e-01
-1.367351186395862506e+00 1.051802711245567734e-01
-1.357926697954513040e+00 1.035659152249165382e-01
-1.348435761695558455e+00 1.026950185320709835e-01
-1.338944825436604091e+00 1.010174311407273789e-01
-1.329435951989240916e+00 9.911009687278772573e-02
-1.319855044029652813e+00 9.869610571338775784e-02
-1.310220038746247706e+00 9.850961126453729177e-02
-1.300585033462842821e+00 9.699981707428273481e-02
-1.290923377163072816e+00 9.538237380857771119e-02
-1.281195666515387188e+00 9.535826058547362816e-02
-1.271428552536151280e+00 9.348174670030910682e-02
-1.261661438556915371e+00 9.262747695208292664e-02
-1.251847990236662600e+00 9.226876811124470890e-02
-1.241958577510734241e+00 9.049354801169608165e-02
-1.232039534720148044e+00 8.931998467037775835e-02
-1.222120491929560959e+00 8.844886986802215356e-02
-1.212134787837965355e+00 8.802809989886206665e-02
-1.202072858458847593e+00 8.657479763382619486e-02
-1.192001365093216192e+00 8.470379903254351972e-02
-1.181912943138680561e+00 8.479109619371121009e-02
-1.171737998261562996e+00 8.334470759800402528e-02
-1.161493459050768617e+00 8.199185270480169319e-02
-1.151248919839973794e+00 8.079304329547760954e-02
-1.140952234632902185e+00 8.005131050277368432e-02
-1.130565474898044043e+00 7.855450725005554136e-02
-1.120140786631675267e+00 7.750831289667098334e-02
-1.109713723398841223e+00 7.662355437838667960e-02
-1.099190459095488848e+00 7.556801997657808245e-02
-1.088573368688083187e+00 7.443482344737410716e-02
-1.077956278280678193e+00 7.273650033736046849e-02
-1.067286916723750867e+00 7.219195491880360527e-02
-1.056519827248527665e+00 7.096790456975424211e-02
-1.045707281004530476e+00 6.984796716307715980e-02
-1.034884539775191126e+00 6.870684551722233691e-02
-1.023967509901662298e+00 6.793766316689199558e-02
-1.012966386369284599e+00 6.694912777156911132e-02
-1.001965262836907122e+00 6.584128638027263170e-02
-9.908944340900029957e-01 6.507767064935918166e-02
-9.797294251968657885e-01 6.417577086135532738e-02
-9.685399413720222617e-01 6.283522645065578449e-02
-9.573009801056024948e-01 6.172936249425044902e-02
-9.459466393148909802e-01 6.113459080844136501e-02
-9.345263964414629587e-01 5.961590594400342086e-02
-9.230842654555579951e-01 5.884034815462248214e-02
-9.115234540857581891e-01 5.717164483474838910e-02
-8.998658504445392614e-01 5.683388245053527105e-02
-8.882075325485212502e-01 5.561273153831984561e-02
-8.764320068078872428e-01 5.440229342239378402e-02
-8.645399874774364335e-01 5.376767664367652910e-02
-8.526479681469861793e-01 5.257202184318473387e-02
-8.406370585162619147e-01 5.124904190804967230e-02
-8.284926258135271171e-01 5.056026931434440957e-02
-8.163335603390555750e-01 4.938187899889266708e-02
-8.040748795273731098e-01 4.850865910457388686e-02
-7.916980528207072654e-01 4.735896170448659209e-02
-7.793026955562676328e-01 4.693289492098140503e-02
-7.667849289151537073e-01 4.555291589213079223e-02
-7.541238240937940818e-01 4.452164508458602427e-02
-7.414417904688628269e-01 4.382183618465541886e-02
-7.286357287983011854e-01 4.267903488008336493e-02
-7.156966461458433848e-01 4.185346859358698990e-02
-7.027377338454399158e-01 4.145945688686789726e-02
-6.896258226981653028e-01 3.980969576334424109e-02
-6.763717494157011068e-01 3.904931630978552420e-02
-6.630809122586746041e-01 3.829107157322714228e-02
-6.496565475436687498e-01 3.757891797398229400e-02
-6.361354191452469609e-01 3.683586793378570978e-02
-6.225440529363477360e-01 3.614944294238951750e-02
-6.088214111763017300e-01 3.542686116393500145e-02
-5.950377316755868229e-01 3.442703742316350485e-02
-5.811092383759740576e-01 3.333660288345753619e-02
-5.670097625838835809e-01 3.258700871786546216e-02
-5.528514638421583305e-01 3.232363077178437155e-02
-5.385473458054332863e-01 3.131224500695508478e-02
-5.241300627297634795e-01 3.053626662453182150e-02
-5.096057363056083478e-01 2.961637438828799637e-02
-4.949177303485868817e-01 2.907200092678709213e-02
-4.801518459135430406e-01 2.817801474519799482e-02
-4.652353965780290368e-01 2.766142552172655769e-02
-4.501896246356862363e-01 2.713386867516411755e-02
-4.350343172200465403e-01 2.654486049729863628e-02
-4.197175674537543810e-01 2.560609291526166204e-02
-4.043092889949803093e-01 2.513185404594644665e-02
-3.887529549405385199e-01 2.443879979791679577e-02
-3.730881871055553578e-01 2.407073657088805094e-02
-3.572637871749664851e-01 2.342670012086733519e-02
-3.412624745020286232e-01 2.256069667215908348e-02
-3.251445434518568378e-01 2.216291040502304382e-02
-3.088580357352883610e-01 2.156256650910180761e-02
-2.924516191153584410e-01 2.108893929415362953e-02
-2.758887683926262158e-01 2.051291471494259833e-02
-2.592046984147626798e-01 1.996407820285587068e-02
-2.423676978339475707e-01 1.962689444694658975e-02
-2.253932217699662344e-01 1.911141461905767683e-02
-2.082277037861288704e-01 1.828919450405797759e-02
-1.908541395243991412e-01 1.806474859269115857e-02
-1.733222577631635120e-01 1.743989989907279367e-02
-1.556109761850156814e-01 1.704286009947568806e-02
-1.377492434100939800e-01 1.645075661527803726e-02
-1.197270360692918589e-01 1.608300473104087164e-02
-1.015075492598057072e-01 1.526887685374777454e-02
-8.305849322425833126e-02 1.512203744447449504e-02
-6.442142838159353735e-02 1.475252395664477037e-02
-4.561885325051587281e-02 1.414664688945627483e-02
-2.665240008055495824e-02 1.387555891053308434e-02
-7.531382009193047025e-03 1.365524268132790181e-02
1.180629723618229973e-02 1.318761621655021622e-02
3.136723849342730464e-02 1.260044014621190811e-02
5.109699847653111776e-02 1.259786651674840892e-02
7.095830670518837868e-02 1.213578391418520912e-02
9.107042277237842320e-02 1.172815490977758418e-02
1.114539984407142276e-01 1.120566617910301668e-02
1.320531195940302660e-01 1.094707571255815019e-02
1.529219565136591963e-01 1.056918904840154980e-02
1.740252484655266385e-01 1.019283640339038385e-02
1.954013363676606607e-01 9.878246707912123267e-03
2.169786128467079411e-01 9.624431013895509007e-03
2.387744260194673562e-01 9.373899445894680327e-03
2.607763256756691073e-01 9.084781440500899752e-03
2.829781569276328401e-01 8.843215766810174142e-03
3.054777732311882987e-01 8.443177249203600090e-03
3.282388818324058488e-01 8.272669172988121947e-03
3.512995428676198850e-01 7.980402395602579496e-03
3.746626025553561057e-01 7.600847923486306508e-03
3.983024968508719899e-01 7.372158800766620730e-03
4.222658924785077095e-01 7.196770718834207339e-03
4.465011192530820572e-01 6.805902961549069492e-03
4.710536459806955456e-01 6.593767070832748031e-03
4.959705962042797456e-01 6.370136086612132598e-03
5.211514137571978678e-01 6.123615431469105023e-03
5.465549487385296112e-01 6.051464728553991763e-03
5.723037899928864469e-01 5.736983349811942620e-03
5.984293564264211440e-01 5.612189125439703830e-03
6.248774787694616473e-01 5.313226270153390864e-03
6.518433647487273941e-01 4.988134186534170025e-03
6.793001451263871449e-01 4.842272999936396601e-03
7.070143181777841512e-01 4.733043693529724247e-03
7.349550417025580984e-01 4.561866662618192445e-03
7.633802387995050065e-01 4.262366634684336408e-03
7.923165671476178895e-01 4.183276281788197472e-03
8.215665959527487239e-01 4.043517747012807459e-03
8.512242122305085923e-01 3.812508626535538337e-03
8.814165044459700837e-01 3.619921652455418155e-03
9.122025826332289533e-01 3.420452197454842014e-03
9.434533670487230683e-01 3.344301847256897931e-03
9.751498849073134689e-01 3.175996249214362195e-03
1.007377528125434019e+00 3.070461696109267041e-03
1.040143207149484050e+00 2.856952673684011196e-03
1.073509852880907944e+00 2.765190845136730399e-03
1.107452983564969573e+00 2.580608789581853319e-03
1.141916354348572415e+00 2.523079548875548864e-03
1.176942271985814914e+00 2.374552115462848743e-03
1.212712452493435400e+00 2.224814305069294351e-03
1.249384983093819734e+00 2.060065833342958688e-03
1.286859153393729027e+00 1.966903355886296008e-03
1.324900649514961781e+00 1.887897857741021581e-03
1.363641863801738907e+00 1.786767118252322300e-03
1.403301863467455668e+00 1.661497289442033119e-03
1.443872166456376505e+00 1.544178764182448441e-03
1.485282044272013824e+00 1.475788172545588290e-03
1.527461373073224715e+00 1.405438250822439814e-03
1.570557398312725450e+00 1.303041243539730708e-03
1.614734511602007316e+00 1.209355843742857765e-03
1.660019986165924610e+00 1.149322277395406922e-03
1.706292301797168287e+00 1.066283662103511892e-03
1.753711368569549567e+00 9.877210235054421656e-04
1.802635431459973514e+00 8.952185636600067239e-04
1.852424198106930264e+00 8.813668107284659868e-04
1.903036124740909329e+00 8.215151120909674597e-04
1.955182404354348868e+00 7.599878473688428991e-04
2.009191480403180741e+00 6.661438337511582913e-04
2.065211440231395024e+00 6.124650825625118115e-04
2.122665073595721985e+00 5.784716335256720248e-04
2.181630414218212355e+00 5.239997738908766566e-04
2.242067119147203691e+00 5.025511957141399425e-04
2.304449641301565599e+00 4.389686173007708594e-04
2.369291877075709429e+00 4.011437430651708272e-04
2.436268154626288762e+00 3.715587920943906435e-04
2.506247981946752468e+00 3.086521777014088978e-04
2.579291705215750241e+00 2.887090833605393406e-04
2.654268435367539425e+00 2.681207018019366069e-04
2.732151811449208267e+00 2.287168783107112807e-04
2.814181579197718719e+00 2.025831285966265877e-04
2.899746865487923486e+00 1.830803751378855065e-04
2.989801954712148380e+00 1.489009108050653616e-04
3.085046157200191264e+00 1.315495977132012098e-04
3.185345661182138244e+00 1.127726481633076910e-04
3.291950105881794375e+00 9.265007506164320977e-05
3.405476168695557249e+00 7.697127104379250474e-05
3.526980659963043330e+00 6.394635760521776382e-05
3.657739570441826515e+00 5.180045705098048942e-05
3.796088549302690573e+00 4.523939884866873772e-05
3.941509134753748977e+00 3.896357788884281662e-05
4.097185225836676992e+00 2.984498910474395834e-05
4.263562587305198548e+00 2.677558342625207673e-05
4.442324040076201186e+00 2.135918009440376577e-05
4.629991620304680922e+00 1.994572485970777222e-05
4.828330999151566161e+00 1.510749917258884264e-05
5.039522393826905144e+00 1.384047980602528023e-05
5.258130083073981886e+00 1.227731025113692138e-05
5.483457861383072895e+00 1.172194784454482077e-05
5.718312243784231086e+00 1.008185577233596043e-05
5.965814098484023553e+00 8.576596229456604918e-06
6.226745738798252106e+00 7.445169962390712136e-06
6.500578854686264840e+00 6.551581140974130101e-06
6.791144482860437037e+00 5.327370568569560181e-06
7.093693144928962191e+00 5.414572451453826616e-06
7.404391177074225894e+00 4.711139599757742816e-06
7.730334709038430674e+00 3.982470229713884333e-06
8.072650557252211811e+00 3.470848383833777032e-06
8.432784231117263829e+00 3.132378748345273770e-06
8.805045396348734954e+00 2.871983144230188868e-06
9.191152517747667616e+00 2.520032198886347267e-06
9.599727423165983708e+00 2.267566362961379702e-06
1.002818991202387977e+01 1.968355177722040536e-06
1.048966824235488993e+01 1.574190234608789729e-06
1.097564376742395709e+01 1.576690592210156123e-06
1.146284303918279512e+01 1.438446280952198254e-06
1.199626556319312343e+01 8.649974481171227764e-07
1.262627408379037419e+01 8.018922486126631042e-07
1.332008785509409243e+01 7.307124968469178150e-07
1.405182842991924730e+01 6.803928334074671312e-07
1.484072645669720458e+01 5.335614462738920994e-07
1.572449328527487467e+01 4.122378625316382880e-07
1.670436123326060240e+01 3.241816442636546383e-07
1.778371147398977570e+01 2.861880230805368709e-07
1.891178300877644247e+01 2.957129077964445423e-07
2.021210817305095020e+01 1.781470244034554459e-07
2.189500643602388408e+01 1.000131848302449687e-07
2.391669360934779576e+01 7.925541531895580228e-08
2.624516534429894321e+01 5.023465733137129899e-08
2.893918717370413418e+01 2.694224052628813360e-08
3.183890889223647491e+01 2.694224052628819977e-08
3.498305911206394114e+01 4.611077766203882422e-09
3.840304524937438657e+01 9.054313718679062004e-09
4.180157335058041923e+01 9.340451587414443292e-09
4.503667040636515395e+01 1.500224931649713727e-08
4.838233305527856487e+01 4.380684929396913838e-09
5.183856129732102147e+01 9.340451587414443292e-09
5.533287092302830956e+01 0.000000000000000000e+00
5.890150403713244032e+01 4.471555664400078821e-09
6.247013715123657107e+01 0.000000000000000000e+00
6.601731222923609721e+01 0.000000000000000000e+00
6.946870578273438923e+01 0.000000000000000000e+00
7.292009933623268125e+01 0.000000000000000000e+00
7.637149288973097327e+01 0.000000000000000000e+00
7.982288644322923687e+01 0.000000000000000000e+00
8.327427999672752890e+01 0.000000000000000000e+00
8.672567355022582092e+01 0.000000000000000000e+00
9.017706710372411294e+01 0.000000000000000000e+00
9.362846065722237654e+01 0.000000000000000000e+00
9.707985421072066856e+01 0.000000000000000000e+00
1.005312477642189606e+02 0.000000000000000000e+00
1.039826413177172526e+02 0.000000000000000000e+00
1.074340348712155162e+02 0.000000000000000000e+00
1.108854284247138082e+02 0.000000000000000000e+00
1.143368219782121002e+02 0.000000000000000000e+00
1.177882155317103923e+02 0.000000000000000000e+00
1.212396090852086559e+02 4.527156859339540928e-09
1.246910026387069479e+02 0.000000000000000000e+00
1.281423961922052399e+02 0.000000000000000000e+00
1.315937897457035319e+02 0.000000000000000000e+00
1.350451832992018240e+02 0.000000000000000000e+00
1.384965768527001160e+02 0.000000000000000000e+00
1.419479704061983512e+02 0.000000000000000000e+00
1.453993639596966432e+02 0.000000000000000000e+00
1.488507575131949352e+02 0.000000000000000000e+00
1.523021510666932272e+02 0.000000000000000000e+00
1.557535446201915192e+02 0.000000000000000000e+00
1.592049381736898113e+02 0.000000000000000000e+00
1.626563317271881033e+02 0.000000000000000000e+00
1.661077252806863953e+02 0.000000000000000000e+00
